500
0 74986 34783 43980 28271 81046 52730 67669 4142 60925 14696 70045 32059 93716 14131 22734 13889 70515 5324 15738 12902 51146 41678 51930 50399 92120 71216 75165 69684 85245 9240 15194 11218 88753 930 7530 2809 14090 7198 58235 38662 44560 10084 99817 9051 33539 27156 89020 35966 69586 65899 85689 77089 85020 61853 71260 20761 92231 74629 88052 18500 42125 37638 84266 23247 77031 57727 91656 40155 44060 10138 17864 15951 65737 11052 24791 18311 69248 32147 37474 21577 37673 30211 64737 7052 50893 38600 87244 74267 91076 55308 97959 86983 93701 89528 95439 34925 70520 53678 57647 18879 85658 33677 90674 66124 84029 13493 90357 24857 55841 21866 34767 17113 60801 1850 67229 56149 86050 80102 95293 79799 95643 93968 96234 34464 98582 87541 96158 31242 57167 21277 37229 6351 45922 11768 73362 10842 30807 7531 80354 36030 95163 60377 64873 64032 99572 68913 99901 39872 83012 5746 62080 16822 64442 37549 48100 36774 44960 33106 78588 37202 77041 29494 74103 12050 76475 62216 90431 20441 26711 19707 83581 60458 71928 28935 32357 22678 69427 45725 82050 51466 52482 39070 56619 6556 78165 69287 99458 80405 91429 71553 92349 86986 94664 89407 89570 39511 80157 65007 91543 74540 99980 29205 33783 19315 99758 72720 88750 28193 32625 15816 96469 41962 45655 33755 67794 30084 65512 33936 60180 35903 74329 25120 47313 13495 76910 41384 55506 18727 24919 1996 5491 1159 92486 18158 80979 12083 37274 1831 40967 26564 75026 53743 87358 46982 85215 37079 63773 58522 69987 45471 75998 24135 53107 40920 61106 29561 82539 39343 44092 30965 52781 13704 50663 15172 15393 14965 58655 44628 46071 23655 95868 6678 82235 42558 61770 46868 52252 9589 37452 11042 74104 54501 98986 20906 69768 44901 72230 47441 54616 26783 62557 34483 34890 7886 69917 34160 72831 34360 94445 4647 34222 32921 83292 23492 75086 5340 44033 6017 65597 18923 96209 90136 90356 83443 90008 85522 97204 85027 85929 74689 99066 18609 86262 64758 75475 69553 79970 43116 90462 57079 77869 10541 31271 26595 74896 65286 94895 86568 92638 64984 79843 72982 97911 56809 66436 10774 52602 33612 94424 79453 94219 55353 57401 24595 82922 64545 76647 33022 78621 35023 36284 29120 83825 24889 59860 52954 67013 52265 66704 20065 70100 25653 44444 25592 53120 28357 95620 20254 31591 15885 60813 34183 59086 23924 78318 49923 86677 2624 13912 8875 60173 22574 87761 77050 93420 52629 83558 72432 81368 28211 72485 72202 93507 24725 92663 37703 91240 27426 64847 33325 74568 55318 76614 35878 71078 54089 75137 15894 91447 50880 83694 27143 99955 20922 57546 2731 31829 8284 72754 37290 87928 50559 75465 37535 56471 5767 22395 10880 51972 27195 82355 71699 81141 20356 46323 7648 57163 51191 71505 21986 97489 20388 77574 31632 75412 24730 75604 68707 91723 10701 12115 2783 25648 14466 50106 17523 97037 28013 76705 24085 54846 24486 85925 20981 98728 19328 23234 1298 35301 9054 71485 42829 51354 43076 60989 32738 98595 66849 87615 68006 71533 31430 67518 5820 34937 21219 43755 24936 97209
500
17320 91654
44418 68983
16661 34289
11540 89812
32621 91904
69351 81845
81966 92398
62880 86192
89008 94885
20365 68770
50585 50681
31597 41682
69143 96226
7486 24536
4535 78804
34069 68152
22917 91489
47478 88488
924 59469
49445 94685
37623 40329
44751 85510
743 70011
1797 39404
5028 70520
16365 97677
51014 68051
21251 22788
62922 64497
78584 90861
22039 25649
12210 39742
55355 72018
6368 48618
69 23423
9081 23167
77389 92372
26000 87231
18171 50021
6148 93007
23531 76963
51293 51552
70555 92520
47912 74421
2499 33454
8137 44012
43388 73928
30515 95218
15008 65601
41100 88174
16985 32860
29440 72334
13690 38939
14307 21911
71874 83400
50170 67366
81268 81816
2279 34542
37824 50038
34259 63080
49833 72892
5325 13187
471 87904
30839 61240
15742 48843
59153 63106
21868 32571
1640 47635
33155 78323
79365 96917
16643 98039
7033 78572
22394 92393
17076 49474
74729 78694
41813 83243
21553 72588
35065 69601
6321 59099
60967 76117
678 69272
16492 34412
16747 71636
43803 61981
25186 39742
22818 45876
984 55621
46959 80319
57232 99365
44984 94804
70881 86926
7044 31030
16031 96375
67576 75885
48589 71211
5144 82579
7312 39379
66295 74230
78390 95648
20297 77804
66912 82575
48521 76303
16382 61030
6729 25132
12739 43573
52624 97679
29696 69027
64738 85424
51381 82169
18869 39880
27729 61804
6832 82536
48738 57960
12242 53279
50643 71354
36881 74706
38501 43086
15569 46901
37501 72572
12769 32913
45274 95285
64723 83143
53825 72063
27447 64836
63130 82145
27526 64289
9733 75066
73239 79731
15105 41450
92223 99159
74731 93644
46525 48049
24852 77076
67531 81760
2467 79337
34010 50869
7123 37573
19161 71058
28623 63793
40086 98001
68471 69736
21938 28951
3795 81242
17693 25827
74373 87362
9410 50759
43469 75779
58463 98551
7864 97681
20126 81935
28954 60657
12486 48287
18570 32691
30821 33055
48613 91274
63932 87300
42000 57145
9947 50413
14410 89144
46027 82552
10117 61891
42407 95064
48176 63765
38137 63298
10418 84349
12644 76658
43856 46219
48677 86970
13732 52482
13518 87779
49179 97007
66888 88911
19733 97249
12648 56759
40753 45186
29083 38727
39464 58167
6086 50185
43692 81293
76683 89672
44264 65871
25533 37282
30906 98194
74756 78814
84366 93882
16720 27590
14550 90117
12418 84167
9383 50437
11715 23188
78328 83452
36698 42981
56749 82898
76685 96176
14757 83906
12016 51667
34298 48720
9302 82757
59613 64946
14821 74648
37216 77576
52987 70278
24079 64557
12993 27844
3539 78029
33888 43500
33773 74071
57704 82168
66111 79191
35103 51451
18270 26441
72689 76099
43880 97267
48004 81392
26968 66803
57050 63727
7773 36113
78550 81021
6233 63298
31091 88281
30778 43618
15652 43663
14787 84611
14732 98753
7226 44445
10640 48635
79586 83646
56131 94255
16598 51986
31725 88710
52714 80079
72885 99147
27222 37253
44304 79073
11960 23120
34317 36645
29971 86688
81149 97298
62085 77592
17803 56145
85955 98153
3986 64538
44664 84648
50058 95752
22156 68159
32779 51522
2033 4157
26295 42568
87467 90673
44394 59315
13890 36609
73000 99067
17576 86149
11872 39211
62958 98910
12446 23828
27926 98999
1500 38167
56223 81942
2863 17262
25674 41830
17598 78995
37409 63708
21646 63966
37386 79580
24294 89681
30961 31450
36199 43238
23549 55001
16159 46091
1030 2130
66421 71175
87179 97464
26133 72212
90346 96494
22550 27343
48304 58457
53333 71365
69031 76846
8469 32234
7329 11725
17980 34162
37416 38646
34443 76049
10451 28807
15339 54999
76169 84711
14235 73095
21478 36428
27951 93559
43798 54675
14484 20846
56570 66185
55065 75120
9314 49441
12502 22464
6814 82272
42934 47023
59086 89770
48091 87361
8659 9077
19330 83136
68500 80255
14121 22288
15569 50429
18185 31049
17411 30676
8976 25109
11686 85559
49873 55401
19295 42524
57901 73440
48382 62346
26133 72423
22046 73672
75546 76888
37687 98235
70817 78529
35023 65322
32600 98969
7667 65873
49880 68225
2711 91295
24013 47034
66718 92529
67492 94796
3249 41041
6052 14079
23532 88058
15682 29454
57181 96707
32237 73429
21025 47163
66761 71131
55805 80221
61817 74123
29354 74421
57831 70548
84990 86487
20473 30042
24253 42004
15089 95641
11542 56033
15424 74033
68774 90299
72314 75926
61914 76950
63821 93195
44663 90872
9906 45635
5078 39594
41801 85207
3203 30205
54592 95601
17011 21255
36775 39680
34473 86849
37418 48555
26322 82191
38270 75411
1405 8467
51 32385
19440 85194
6468 75273
3747 90565
33595 90446
2248 23547
28644 32391
73441 77543
66256 97692
29601 82909
40682 45440
54836 90730
89242 93068
1761 21383
23386 74518
1473 90449
22400 27116
61055 66179
12643 14996
92321 94937
2502 71312
23415 73754
48361 87491
21752 30375
75763 97185
22106 49931
18437 54686
31827 38342
22460 42124
3067 52321
34505 45250
50325 62206
11814 74583
25393 40873
53235 71010
14656 53059
20907 82409
64352 79665
5189 35742
81581 88753
23422 52938
6555 38661
9086 92877
42041 93950
68346 72055
14172 82304
57683 95126
9651 73234
16675 50278
502 56377
37167 77908
7665 25032
55673 89251
7483 51442
36656 39604
3114 18630
71840 91544
21801 30152
61766 95897
3344 91043
2186 15098
77732 86253
18300 82977
31010 72301
4719 46384
16640 65917
24733 62512
15947 29048
3960 68287
39032 60281
9076 31479
32372 72275
11112 32464
54867 61609
50992 66457
24009 91194
60636 60812
11399 60925
4721 47605
32962 35018
5836 46919
37104 37432
37751 84937
18688 80006
9066 85527
20778 72408
22694 42407
22407 61548
28937 88680
45656 98092
39543 59938
57385 60571
29858 30848
27229 32727
59188 76012
25555 88201
26171 40081
14060 33679
52083 92439
2912 4989
9134 35514
27513 70933
25436 60340
29002 42424
39755 52028
10601 82610
28572 75530
36744 50952
29246 53201
1405 83615
2678 19239
22441 50218
10968 72883
11822 33894
44078 89438
29947 36466
2331 35667
56422 92720
16252 63235
74688 76159
39624 85919
30208 35735
6292 53944
66560 71978
544 44223
77004 81306
18878 32194
34455 95396
41789 71654
6714 26522
4735 81229
91627 93980
7468 61179
56124 88974
62836 87845
8527 93605
26285 30293
68373 92784
54048 76725
