500
0 30673 22288 98485 7157 83899 41365 96016 34200 76625 6283 71707 46642 82101 62893 90512 58613 71401 1827 25478 23524 87845 15043 29675 25280 43735 21978 51363 10834 22992 5906 93253 86027 87779 58007 67628 12117 30007 922 46411 11842 53386 35046 95910 21906 50296 10493 92776 84623 90227 13808 15231 13083 46454 20207 72767 49851 98475 32914 71429 2238 46741 4247 85109 25402 69806 40588 46820 3989 12959 3372 15781 10926 45681 36037 80612 15947 60856 3858 87529 47310 54948 46149 92423 63475 67731 61199 82036 28990 35805 30929 52147 29194 61162 28923 31924 3729 90338 19893 89731 58250 72927 58249 73159 60472 89801 38847 94150 16254 68533 60186 76775 23643 94172 86698 92717 63864 90065 7108 18826 16455 78624 24483 51546 29808 40350 28096 62217 57127 86913 47876 70196 68438 90310 16462 41826 30849 57457 44196 95094 69131 90525 37260 98504 34655 41646 20137 25150 18645 40848 28532 52551 33697 35812 21356 90380 13146 41551 31553 92488 87193 89444 14771 44815 32896 60773 21725 93224 8720 62324 22347 32090 2756 90344 87533 98197 67535 86210 16857 39863 21644 97020 44291 95470 79925 96196 45346 78771 60276 79297 44097 92312 53879 56585 30716 52434 33639 75717 56611 99178 73019 81152 71979 96127 9441 80891 24356 41749 29075 72561 41811 84567 58396 61852 54001 69971 18449 48148 26392 61884 48437 79345 53235 84609 34487 35320 6370 35314 26524 35941 14566 92649 24720 78129 68566 84055 57953 71214 16023 89816 8830 9159 2495 96572 80583 82762 79005 86475 39926 40160 424 86054 40715 65104 50962 99379 59165 65117 28791 46334 632 1458 615 67347 49032 79147 53600 93610 84085 86880 50501 66114 35248 72029 34884 94386 6840 20635 9861 26150 7393 26839 15021 55034 43214 65551 15367 98138 65125 74626 35256 92654 44410 76834 20759 22366 15140 38104 1659 40414 6877 77646 53248 62165 47287 93656 25687 76433 15529 44739 13394 18084 5383 18184 7510 82576 79669 88651 88272 93702 5375 15287 7320 62972 26995 78752 60934 79759 70412 71692 18954 78002 52508 94706 11428 91694 4837 85116 56958 85892 48686 68151 27947 33501 27176 42302 37592 55345 31299 77966 6369 46782 8097 82549 12383 71320 20161 72959 23107 40955 19018 36326 24449 49636 1400 5213 2480 96736 48754 81960 70739 76584 53282 73793 492 70734 38182 93252 35720 68629 47540 72060 62243 92247 55412 95567 83079 85647 35749 58318 514 65588 16560 56417 44248 56702 25918 28549 16141 56651 18341 28847 19342 55988 53366 66797 56821 94792 94343 98389 95147 96355 53000 89312 66584 93467 44710 75921 46708 77357 45803 64696 5915 54267 6529 78148 60903 93181 5161 36163 11345 68969 7575 9533 512 96074 64082 69181 11845 66992 62998 72909 72041 89324 23224 56001 28545 67781 65150 83363 3250 16048 6222 62557 18364 20508 3777 47279 25714 74983 15200 43699 10416 40266 5664 7785 3044 20099 17934 62769 3202 29823 284 10406 3676 82128 47499 52165 5809 74344 56394 67464 21883 35356 2658 28589 22629 81075 26751 99381 69967 72137 42431 99659 90622 90694 68235 98833 33539 51589
500
72570 72803
71087 94386
28812 34030
10611 39337
12956 87182
10867 87216
80543 93399
12842 73152
61394 96140
63440 77251
29888 56752
13544 54191
11829 62481
64458 98412
82490 92227
35465 44218
32045 47763
33520 36562
1285 87945
71932 78233
44578 87395
59592 95493
21803 59724
55436 98661
21646 63267
75007 96526
36737 91154
42861 60429
44448 69418
42284 91791
25651 54639
54603 67482
20381 42485
48485 68415
2876 86024
34138 76185
47544 66331
36647 49486
9908 50556
54561 64317
61714 63121
90246 99062
17743 88418
18206 79134
22779 57258
8593 76194
60404 62935
13726 95583
5564 23258
47848 59679
38094 66407
28878 50544
3557 50267
58150 60502
28515 73942
16916 75908
3424 68890
5322 16125
24363 88258
11772 16938
17954 87640
9387 11375
40942 74643
40129 40609
36463 83151
7643 7893
35317 81703
48591 81053
11567 57591
82700 87719
84816 97254
33041 41875
45374 78894
9268 71742
43634 92089
13511 54055
33441 73727
82864 88996
28012 72101
24780 48532
12023 42051
8788 27966
35029 71220
80186 89230
9364 46461
10927 93154
37950 55374
47747 76937
25715 48148
56876 58776
50122 79360
7861 23588
38973 91575
20561 88832
33659 40936
1495 49342
15831 80937
863 14176
13068 55143
35725 99657
15958 63780
3985 27282
64060 77097
2538 23901
562 39087
7311 10764
82492 94784
42770 94147
43682 79772
14942 32732
56186 69713
15576 18526
66411 74475
32314 95748
2882 69747
20776 88462
2153 62681
52700 57314
48469 79573
88005 94955
5127 64888
74856 96046
16409 29725
47905 99356
2405 30094
49618 92843
50951 95979
55116 92282
24420 36061
9717 40759
48034 99903
9961 76359
15492 32900
67873 97598
6022 98462
4287 7345
30627 85364
5437 54574
60337 79993
96773 99901
41185 59764
1418 8849
24156 25923
42678 43075
44441 88582
28412 46169
4798 91221
40254 54229
25466 84587
15184 83526
82130 96869
24430 53141
44042 85507
16785 56154
10608 16174
27672 43093
85019 98103
44001 69460
16796 58052
9739 90102
43459 69485
5564 45059
33928 53812
6538 65503
10274 26359
25025 85014
13947 29330
2003 80256
32145 81176
13167 97101
47160 94061
26737 92070
16802 43219
17505 33917
68326 90623
19267 74476
11868 39308
2209 49428
33923 54295
15630 25672
27766 99159
8399 85334
10303 68283
40688 85580
4644 40720
5295 10176
48936 75036
32957 92820
51135 86521
15993 87468
79807 91093
1712 83302
15269 24560
399 71308
42499 51512
61668 70361
65838 67117
30251 60069
22226 26363
81239 94571
6348 64810
46958 82540
41406 72068
67148 77767
16258 20446
26464 96735
34066 42937
33669 82693
45510 83628
16599 95876
11305 79655
9414 45395
47719 80199
87363 97935
19769 22295
3738 55877
37535 80440
26829 56667
21313 82382
23126 76404
23553 31033
73931 94969
23489 27596
39430 52467
27158 36986
40544 55406
41527 75117
39120 46001
11562 58828
42300 55375
49893 59284
31312 79565
67867 72769
37115 85008
54820 79135
3686 54315
91352 96786
4809 58081
72946 82523
48011 65806
15265 70169
1109 96092
66032 93533
34571 72124
84110 90225
19678 50948
21744 73002
34786 84922
80098 88597
38118 54430
37096 59619
1835 40000
22196 58622
43814 55850
16590 24229
49212 91383
24550 48639
85842 96394
39753 49445
66612 95830
11792 99619
28807 76314
43113 58477
15447 55991
80228 83166
59575 64082
16028 56818
30353 50369
86140 90032
55143 86360
6864 87426
6533 65468
3727 21448
67851 67977
14636 67393
15273 30043
35978 57706
14536 37888
26399 54285
18122 29260
11120 50732
39560 55727
13823 98244
15387 54130
862 59831
15414 36651
21518 42965
29478 61920
37264 94028
27542 36621
3864 67985
27907 47216
15303 88032
8965 69933
16727 17218
23299 33672
77915 85350
20277 95119
6024 59322
18229 72153
67080 82707
58423 82567
26932 60364
27036 84922
30398 32838
64962 73785
58797 69242
70928 77260
6374 35663
49936 57384
1489 55491
9702 80147
92860 94022
14326 77045
1151 65077
29921 80937
60153 61279
44286 79179
10154 98235
66087 87397
81902 97980
85718 87936
10747 20040
26577 69813
21497 81411
4577 77782
27957 46084
38765 53470
19037 89725
63394 95443
41964 83475
47778 64965
36145 67692
11460 56018
37758 42246
10716 60135
21949 94783
32221 80367
547 36621
9821 64829
50466 99262
46861 56730
17258 86064
11269 43333
47238 54410
33635 58115
12156 95682
25849 36056
42690 72147
38690 67155
17508 78476
9996 49010
21044 86622
55933 71247
33063 92055
1895 54552
1222 94625
17335 50860
25906 80658
12912 87036
22708 82240
24047 55348
16665 45617
15487 52202
36349 76101
88696 93473
38702 62511
26513 43988
60197 61583
24692 57373
26047 30404
8201 78495
34922 56767
38886 91632
27225 71460
36394 76992
56653 95339
31621 64018
108 15377
17265 92021
46161 96262
58139 75841
16612 39867
71009 71786
37883 62520
37705 93650
29691 98252
27613 88679
90051 93875
17313 66189
44353 56238
27815 41352
38911 92732
7444 12406
56451 77638
13325 48972
2864 73360
85685 98991
40663 84289
35576 56976
30044 86453
16865 83663
32529 57487
57260 84712
21461 54165
15560 99834
9579 26818
27688 46469
3092 66275
4096 58031
1256 11759
31731 61737
12419 54550
62743 67468
69136 77846
21278 70459
55485 89129
4828 10707
49574 96530
75181 97409
34014 70591
15706 54245
7751 15431
59458 66881
88919 96138
23020 31580
12963 76713
18421 63955
26875 89457
46884 78429
59820 68346
51365 95692
20320 21178
33547 50344
51429 74060
67214 82469
96087 99373
28545 34595
4244 83254
55927 66495
44263 62096
1664 56496
35624 79753
11657 45956
5097 56087
29701 78270
59892 68851
93263 94599
67272 88985
63196 71480
45784 55067
62284 73975
20606 38023
36760 58094
64432 94186
93771 94658
32576 91081
19586 38874
40915 45393
72559 80528
17241 87501
70320 84200
10117 42892
61639 85676
30894 76581
3187 76081
6893 28068
3624 93517
6268 43899
8375 17831
30168 43995
16711 79474
78831 89634
65088 71929
14025 86435
4431 36458
58607 85669
43742 84322
31783 85938
57895 73016
61692 67825
36503 85807
28569 38114
31933 54936
54818 94981
85583 99371
8244 72650
22244 58678
7512 39569
51359 59518
18088 48979
54259 61391
54526 97743
2146 98746
9131 65617
49086 89744
62474 77090
71281 80416
57099 86166
9410 10229
