500
0 79093 49587 64042 52290 55015 6255 14866 8847 92618 56638 81954 70722 97722 36038 45413 43960 67870 3046 14440 13774 35189 1455 89055 76429 77379 17942 91850 89430 97508 9927 50230 16099 22247 4436 93925 16985 88532 31323 97665 4937 48249 34274 51393 39816 77709 48140 58254 17704 47676 13823 91680 64524 85338 18166 41958 3510 42351 7067 40350 214 360 340 90282 42365 71997 30490 44202 1289 74569 19959 49722 47895 58125 30845 71333 706 90823 83665 92213 48315 82814 33247 37105 18878 24571 13886 93814 54212 80271 148 82347 64544 74110 21606 59661 13885 19564 6158 97222 93280 99918 96362 97208 32733 92329 43228 52738 37806 82314 71276 85513 13676 98810 30497 91041 20152 30998 25657 69652 29127 39091 18766 90051 84225 95970 91534 96331 56198 69420 55469 99156 81051 97050 53452 59325 20287 64448 29620 34962 10417 52635 20283 28998 21662 58096 20302 44695 17743 54420 19821 80285 71992 80973 12852 62781 4945 33273 7309 65343 44753 60555 45513 97759 12086 67169 61362 92851 24919 85051 75007 78833 58214 91565 13437 80847 4979 74230 67890 89522 18848 39701 34953 60142 10788 70932 16798 27234 18512 37939 4883 54205 1863 33005 10875 51274 12779 39705 7306 93300 14362 85132 71937 99603 48027 65344 44385 78995 24174 37300 8771 16033 8139 32119 29766 86727 27792 93070 13963 20992 7055 28956 25970 87451 26997 41181 5933 19379 13651 78112 43627 60769 51251 94500 72852 87665 62205 70017 54081 77351 8032 25429 5213 12290 11991 15554 571 45479 19512 97913 63795 85706 20451 28540 22650 31287 20193 49141 28924 65326 4234 63174 16141 48827 22436 27552 13776 24833 5989 30764 8422 42163 32971 54177 13306 56419 42234 69247 18442 59762 22006 32266 6730 36461 17050 52955 51499 82943 71138 87354 54145 55505 37323 39751 11609 43874 11279 75640 8217 65529 27940 65796 16086 29673 20195 40643 27955 41122 33398 49870 39999 52422 23838 33233 14714 73913 72753 85598 19135 60689 42244 42263 22687 28919 1741 35375 31422 66999 34216 61981 23488 87865 63661 79688 2921 6333 4213 56984 56485 60831 52745 87851 83345 86113 1067 54295 45091 58979 40859 58650 53869 93822 27965 92449 46359 61652 53267 69963 27723 41109 12700 64005 32204 63494 51126 57455 6683 27403 8410 92280 22365 79580 908 4068 239 90947 48199 90649 40770 89425 76511 84810 67049 98608 42575 71915 41296 82926 32268 44672 40625 58460 14383 50971 39226 77477 69546 95948 74058 82755 48019 82150 44576 52264 7669 11709 1263 32993 3650 63528 43681 83371 30183 84778 54165 60978 38055 55355 26310 71700 29724 84500 74743 79080 50643 98946 92706 98508 49567 73419 63504 94053 26303 43124 9919 58624 29471 42256 32207 35799 8015 11261 8220 68453 39091 51032 22209 69932 41821 81538 77806 88531 41213 83724 65820 66304 51855 55881 10340 80558 61228 84736 42181 57767 41853 46749 46169 82072 77086 83689 76264 77149 16814 96044 63048 76585 67558 95626 42185 73521 26328 38494 3208 27897 2662 43149 28678 40556 37418 90815 15898 79913 24658 96993 87700 94307 85990 94336 83682 96104
500
741 27622
48119 55068
1028 33426
40507 48642
7579 31574
55955 64499
35865 42834
61613 62768
22227 49289
21528 33759
50640 51287
4191 5069
24619 50608
34379 58163
783 55761
8358 26471
20825 32173
30106 50991
18467 30313
20585 23707
20679 52573
39933 46447
65788 68984
24457 69928
28850 51063
27255 37981
15371 37692
55778 63194
1322 58450
17700 39516
20663 66141
17477 24306
45793 66070
21496 68489
20115 63132
32084 39963
15050 35781
51683 57055
18763 55364
831 32019
18489 68811
14041 18734
38416 55839
276 3252
25021 54605
4619 22704
17877 43504
35816 44035
23463 50408
28533 31663
2451 53406
32594 57042
21630 63273
48850 56528
40254 66197
8927 28200
42906 56034
21803 47620
47542 54179
39720 50006
21968 37058
2516 51477
28051 51162
30594 50209
20876 28583
33113 64512
20031 21721
28682 62134
386 59081
2958 41871
8470 69166
20725 60909
42044 50367
43769 67190
16521 46184
36723 59062
29028 61929
43723 56251
10570 38500
4213 48538
24574 57695
36072 60749
32374 58941
3268 37592
15962 25236
4191 43409
63705 68781
8224 29336
29362 66112
24742 64883
6145 49074
2715 62329
10881 67731
38308 55476
1607 17642
18250 18749
21560 31829
11614 36264
37088 42502
38154 39247
21823 64389
554 44325
5795 16746
9443 42519
6605 35176
50083 58441
46577 47084
50260 67294
14571 24131
181 50185
43367 47121
52436 56476
26673 53067
23242 27888
11064 40226
21586 53199
1674 13419
12284 37665
2264 56190
22557 43996
46833 51015
35680 41433
39441 40246
3870 67900
10449 29667
15848 26408
38187 42458
6353 47763
31976 56679
1312 61510
1168 1536
17547 24755
45061 55543
626 32305
18696 43951
4796 65058
35168 43320
10111 30783
13198 59514
40807 43239
22840 69491
30160 62396
13983 62805
7219 18162
5007 57502
14724 43433
11713 13398
8886 20462
39679 57891
40792 67512
10059 27043
52182 65166
10165 14449
22572 29635
1507 28978
27189 69423
1425 58856
33814 34013
6264 19786
31111 50913
2328 58689
21051 61283
23551 51687
5810 37136
12893 56315
28667 32227
18867 24444
94 3373
4281 68139
30827 53148
16343 67970
21626 27559
8576 13962
24706 50803
4108 65011
21471 59782
21398 69406
50816 68744
36075 61263
4371 39786
9338 55761
14453 30712
24016 43855
13910 52159
29092 44089
28020 54115
31323 67827
27345 54107
15194 53034
6158 48767
4581 58739
4426 20968
8582 58438
45651 66225
2935 5608
23331 51700
50418 63127
50704 59280
12936 37411
3375 69052
30856 35896
19971 64130
3897 67050
11764 62022
3333 17338
15202 37999
40720 43031
5493 32550
28683 33531
11009 11497
5403 19782
17820 68584
8525 67668
23609 57667
8786 42245
2224 13076
21771 29660
45940 57665
9286 33510
23174 33579
49589 49632
26417 54909
44975 68854
15611 56265
13008 19802
4203 42397
6774 63424
47707 55277
4989 17817
50285 58522
33122 49119
12618 65655
35026 55191
22170 45689
27756 45703
49521 61076
18575 56288
24408 67614
5677 28797
15680 17747
52362 64088
48486 66899
7582 28216
16734 31503
42407 51740
27907 64732
7058 26944
17868 59218
18241 44879
41729 45272
10019 62903
30774 33401
29365 48236
4121 36483
20624 24212
29180 63340
14639 36166
3850 11459
59051 67202
56865 62677
14930 33563
7165 38804
5121 20598
994 52485
34888 51375
8261 40953
7604 18285
2886 42121
8254 29294
22018 30631
11119 37425
13291 57080
12765 38100
18232 48920
61513 63814
459 54274
20201 46550
13523 42408
6033 24839
7835 11534
9536 29449
29212 39289
38523 57401
9788 53092
4398 11052
15125 65362
8231 46466
18502 38600
4525 15696
52012 61351
14180 32292
9439 30660
27081 66129
19861 26299
27447 36186
3900 8987
27494 60492
6512 64160
6030 26654
34194 40998
26170 28561
39956 44888
7416 39875
60730 68884
28034 54321
10977 52530
18452 39545
18156 21203
4769 54771
1364 41096
12416 53610
15411 17004
13895 19726
6134 15161
29831 62983
24109 35108
2732 21852
41134 58696
47101 61537
20174 34245
27104 42840
52820 55047
48849 51760
18891 39087
1289 65680
37422 58133
11770 14591
24874 59712
23099 29787
50332 60771
64573 69484
49236 50474
38044 69004
40278 66448
37448 63756
19519 38535
5124 66182
45670 67741
2032 68465
19588 55802
12996 22570
23841 59383
49908 50013
4212 6839
39683 43961
51979 58562
22120 33083
9483 17567
28215 58397
6386 58053
27834 29975
23315 29427
18110 20553
9265 58203
38156 68742
26332 36864
33536 55446
32941 48187
1571 29514
14799 50893
18225 58782
4618 30789
12631 32117
34138 57675
3474 30510
50201 52889
23546 57950
21651 52374
4950 23782
25277 68541
13515 31333
29114 44545
49738 65118
295 2275
4089 66387
19828 24218
41973 50687
42263 62076
13260 14795
16040 52318
29089 55256
41618 49086
4803 18492
29409 53913
29111 31856
4746 63001
1404 44551
61997 64268
10227 31750
20319 22857
22121 47134
25338 41222
7174 29590
48969 68302
30248 50746
30585 67891
11596 26077
6713 53866
26525 57579
1531 66375
29353 48631
33639 68754
25767 36051
12322 27311
42804 52329
4111 58208
52767 66894
16054 39987
7131 63344
6585 44497
7000 12294
8781 34098
22739 42900
29210 32012
20293 48189
27318 47118
17904 65826
48924 63417
7134 29054
33716 49457
11133 64979
43815 66023
41055 43412
40123 69344
51477 53472
8868 52895
51787 52943
37089 62809
4951 26947
18569 36139
5678 28959
19158 63257
3661 9544
17603 64255
21293 52577
25112 42359
33320 48942
46946 59043
22770 40109
9749 26832
47880 63910
5014 28219
47271 54294
2653 62677
49554 68287
15040 20892
17346 42022
4940 68563
18378 67076
31653 46089
10309 58213
62699 66284
8758 25895
35580 42672
3755 64296
34537 35734
18525 25424
57393 59556
46964 58530
23206 67100
4976 64106
24628 43637
39075 60139
13477 32742
1918 21417
21605 51141
1497 37702
6385 46690
9224 34972
24258 37225
8045 42724
30636 68744
23613 61997
32956 48108
7748 26614
41687 62003
13978 63385
12288 62517
17794 39292
20794 37707
17961 27582
11000 57420
1712 16717
43418 66954
10690 47800
63974 68869
20150 43618
12193 46918
15138 19654
22263 26629
35577 59971
1228 55037
19220 59459
24305 35416
59724 60331
39007 46698
17665 49886
40706 48827
50621 51851
37801 58511
