500
0 11457 368 8774 5995 50108 23187 34009 30651 76256 52693 72124 55862 79715 53723 56563 31101 60703 8522 73978 38575 61278 1826 28642 3970 67680 44690 62581 17944 44905 29139 60647 2135 8242 123 4354 2228 72267 22364 62660 53712 70831 14959 61043 48341 66421 64376 71149 15421 17626 1029 73475 8368 77977 65406 76660 11130 73402 8863 40315 17837 46989 3939 77290 39687 40975 16366 29666 14096 21144 5586 18474 13249 32619 7959 15737 5060 70755 67442 77045 8140 40251 21235 66158 632 51720 43026 63863 6255 22156 9163 27598 7147 21883 21202 50067 6830 29585 9949 67473 49023 79777 70126 72530 43477 78052 50431 66505 27558 39487 24187 46204 9405 30620 12789 45869 341 66795 24707 64630 23883 24603 15775 55993 35079 66634 27477 64472 16077 62371 26071 31775 11655 32903 32620 67830 31971 47394 9864 55009 21820 31156 25303 61547 40244 61760 37026 75722 4307 79940 37186 73521 19137 41793 14512 21779 3418 14106 7722 77107 77026 78097 34593 76712 7159 42051 31578 70669 5001 44726 36156 40202 4201 49042 22181 44710 9646 26829 10 62110 6141 56337 13619 18033 4241 65566 10634 40482 7884 18013 13504 52117 24448 46940 43431 66975 15635 33215 25808 60895 33030 67753 54780 72874 23319 30118 21967 28375 14821 72865 50822 76858 65638 70979 29759 63001 4511 16154 5115 28743 26527 51585 14128 25371 23418 69008 52162 66580 60761 61668 59039 77139 40016 75428 61605 75338 37863 69572 31503 63695 33596 55135 51180 75459 60201 77193 22454 64291 14807 26368 17849 73605 28143 38939 31506 63807 61518 75650 29648 38524 27755 66379 33039 42868 21193 65791 49409 74518 20350 72476 59434 66439 15061 15197 10154 46735 44424 48410 1662 29695 5986 52203 46194 68712 5697 8973 4534 34767 14101 44979 22942 59183 56966 63829 24017 52412 43422 66869 746 22428 13084 49278 26408 73238 56810 67711 52517 77911 32190 66121 6727 37103 21881 44225 20867 39428 19041 63823 9555 47921 30285 55788 37980 42564 2054 70991 61414 71079 18394 48504 32734 55641 54140 71378 50100 60852 13882 68810 5552 32897 13715 52042 45102 77638 10852 34856 23126 52032 43175 75062 58036 67741 41047 69673 54388 76659 55226 63985 30981 35589 2527 64137 10487 72514 48153 57584 52556 79520 38543 78892 27118 79894 64267 74478 32912 72052 42933 55268 27980 75747 7697 34306 3238 15486 2975 50183 49255 66240 37672 59322 85 27497 8653 62942 54291 70626 59761 67691 66907 75608 34236 35156 1251 71021 9556 48242 20747 22137 13124 33192 16019 63523 43770 60937 7734 16953 1775 27176 18090 44920 22101 30349 27590 53876 30057 45849 45434 53452 49039 77160 52755 67469 52503 61669 61485 75621 9490 31712 28885 42064 4205 66578 5595 60310 49629 78786 68145 77783 3972 38422 3882 7584 1344 74852 31309 76257 28815 59891 40325 76101 48761 59185 34260 48574 38232 76611 20909 63660 22275 73737 59594 61995 55692 69887 46339 67388 14598 16629 10208 47445 45021 70552 62003 79435 33095 73546 38857 52056 20127 66558 29971 49584 13320 69603 33777 37169 27247 76341 10401 46369
500
26103 69951
8150 44630
2823 63348
11973 19431
18660 28437
64702 68111
59044 70490
26000 54613
26140 77253
35817 61631
28256 34653
10874 74790
27240 46694
29175 62388
15445 68830
69754 79108
33477 67425
18145 24417
41062 61627
15487 67689
25387 33426
27230 37271
18316 74122
74030 78782
32893 64964
52666 66587
19680 57832
5558 37189
45544 59308
16162 78184
31255 55468
10682 61642
18241 39494
35298 68248
51212 69136
55947 70516
20565 69513
31850 60076
52306 60979
4396 21746
42197 63936
74217 78446
9541 22988
56144 66868
50909 75525
21677 64784
4875 35976
25901 39846
26099 63362
13893 62159
57806 78476
3491 19629
48769 69756
65112 76564
59954 71117
45658 58251
65892 67587
6987 65382
57590 61159
52250 72104
26873 50011
14909 29915
32055 79544
32983 79107
6410 11931
2777 73093
46804 65221
26168 30534
3845 31641
5421 23810
31498 70752
28518 29247
51585 72769
6378 29523
44941 46233
18617 43450
11304 40951
7931 76454
15730 48425
35937 50430
5594 50982
1900 15398
38074 65160
52800 75959
43654 46894
19233 45478
42664 63711
10590 74340
40210 44101
50014 55985
26214 64995
19452 50335
32411 59532
23778 24102
10174 34408
58752 62876
23497 76396
29686 74457
34342 56107
43495 64316
10110 79100
17031 58864
5177 40121
40022 60093
27387 59477
43034 65908
29291 55278
5040 62055
6913 30080
15714 59564
37052 61105
28004 49379
41760 79170
10361 19536
46993 75063
19253 34432
48080 67097
9720 64992
40417 78021
33471 73083
11893 19347
47661 57616
36313 72919
25406 56634
11634 74079
8751 12341
18408 57347
37927 68931
17779 35612
35913 76969
24152 73632
38919 68048
67710 68411
1183 11050
45299 68875
1029 42943
10000 36270
19644 57359
47313 74629
3752 76764
38843 52189
659 7817
22447 66579
2691 63145
13625 72317
26263 56225
34879 56063
74959 76902
22866 47499
2020 17091
30849 73918
6470 58866
17567 69714
25802 51765
28859 33671
10354 35013
3718 61604
62707 78642
4179 76332
13038 16837
40059 61090
1548 47680
27491 46765
11000 58122
13402 18285
25364 57095
8790 60660
18410 50025
11431 16325
45392 58980
8050 29625
20043 28546
18930 57191
10741 60469
35588 78165
28309 69801
58729 70042
23618 28452
6659 24919
26673 36016
8551 8641
72258 77987
29692 66735
26956 59464
55 9180
20332 78647
63955 77331
13589 48094
11354 30885
34337 67994
12990 72736
47924 75745
42382 49980
60498 76780
10014 69077
5254 57324
1254 17125
36578 58058
17798 72584
13151 45978
15991 76189
48284 76452
63523 65274
35877 38820
18608 55868
30874 64139
39510 42904
19171 40731
10978 36455
34414 50529
21316 54675
33519 78738
1197 64056
21590 46067
3666 56317
3820 47483
3965 51055
50791 53721
435 41164
38597 68157
32293 58232
3631 60282
31276 40520
60594 74005
73065 75751
3680 48648
42151 52888
28399 68110
43624 49679
20323 69599
48165 70814
23306 60105
36453 77767
11667 19371
10583 29384
5019 71926
14707 77814
65635 75848
17541 42506
1062 33373
17740 64766
48320 66132
8389 68726
9190 18055
44442 74896
25029 73249
6897 77708
22057 37629
28539 31511
4524 73163
18444 71601
30151 72788
63764 76816
52115 52188
7069 79955
23433 54142
20922 31558
8912 74202
178 23408
22520 70120
75870 76268
47543 66901
10455 69414
46127 60470
54928 71680
27995 31474
1243 52506
21846 58383
6446 19569
20474 22879
16219 29077
24673 62334
32248 44787
1937 56416
54225 66156
2625 49317
38663 42719
69033 78271
12907 28585
33243 71156
37329 59629
4442 39305
22302 37100
2631 45727
8149 72920
40584 69950
22321 57136
10200 30319
4978 30859
28047 74303
47744 58136
2247 67523
37099 73645
8467 41807
24398 56888
24611 60128
40474 73783
1199 37424
27930 32400
4580 68963
1114 57725
24706 51483
43023 53870
16149 76765
50874 78654
1603 58070
23527 24509
409 52015
16432 45020
923 25918
494 47258
61061 75934
37433 77530
527 26755
32283 75250
39119 59056
35152 41957
13048 51606
21206 43534
64551 67010
3478 75282
30416 68453
57373 63347
23867 45203
39885 75404
25778 51773
9030 50421
6267 77517
7535 27422
23694 27901
52740 60901
32735 47204
35894 42719
16496 69873
33758 57201
43598 61060
54597 65861
18998 71482
6585 37863
51391 78833
54736 67471
14340 33020
15518 18582
32950 47207
50175 57359
38202 73428
40510 41952
15303 28982
3025 78705
38995 71589
135 68391
43268 71584
7423 7529
32510 58186
5325 41611
3570 26267
55413 75452
28088 79704
48791 72895
2392 8162
14174 49439
29740 63304
9793 26383
69090 69978
17544 22937
31122 36077
63076 75896
12347 56905
774 10948
24387 45383
44461 49366
51950 77965
8251 76912
9047 43556
31430 77337
1778 34489
8927 46062
32734 71057
43104 59330
45904 57026
24342 41016
2155 7589
7079 59594
29243 59146
53583 67222
17108 30038
42181 45641
18186 52478
5673 47713
41302 48404
16795 45161
3083 14932
17393 23024
805 40754
15467 16264
32223 45368
532 77955
6653 78479
22401 28064
3658 19107
52392 63862
10551 48357
11874 42886
10877 66021
17288 65027
23468 53597
16639 64593
7764 70864
9533 42686
11674 23130
7741 59306
11408 67181
11913 21570
28262 78714
49511 79887
13175 37807
45722 49805
13563 77452
31279 58589
23546 46873
27583 73113
23181 66911
10593 62902
11601 29217
67 79241
38514 67230
18493 32208
32014 73834
16393 38916
50204 71023
27766 41138
30117 60909
28032 72754
59568 65970
16060 54067
42948 77278
49547 59408
55093 57111
10645 39704
7949 32639
14764 76443
326 2359
18435 58302
3987 40920
19454 57781
13998 28059
914 34953
12469 31540
48258 62734
48017 76143
22699 47988
49848 53939
36050 79106
36951 54626
18067 54666
49507 75560
13159 23367
53043 77850
24171 52903
6594 71648
9369 45506
23201 73760
13668 54705
1258 28081
9287 15233
32818 60170
38924 62556
4214 73802
19100 44556
60884 75665
59510 62409
29952 45788
41950 71956
6553 30275
62867 79278
6340 53140
25676 45137
62133 69925
5601 42170
21406 27365
36368 40296
31045 67259
14120 24915
9304 55905
1970 46752
35413 36398
9571 28746
37893 55319
14230 56476
19514 76052
57133 63166
62318 70200
32525 78268
732 6963
2005 17034
10264 17258
13846 57428
23253 37990
33436 37388
54808 69320
