300 40
1 53
2 28
3 6
9 25
12 22
14 17
32 44
33 34
38 39
49 50
56 115
58 113
60 63
66 108
68 86
71 80
73 76
90 92
97 102
98 100
118 176
119 172
121 166
123 163
125 158
126 152
129 148
131 144
134 141
137 139
181 237
183 189
184 186
194 200
195 197
206 222
209 211
216 219
225 228
231 233
240 293
242 245
247 261
250 257
252 254
264 273
267 270
276 289
279 286
280 281
297 349
299 317
302 303
306 308
312 313
321 330
324 326
334 340
335 336
342 345
355 410
356 394
358 373
360 362
366 369
376 390
379 385
381 383
396 397
402 405
416 471
419 428
422 424
431 444
432 435
438 441
448 461
450 458
452 454
463 465
476 541
479 480
485 496
487 490
501 536
503 511
504 506
517 532
520 522
525 528
545 595
547 589
549 583
550 553
555 557
562 581
563 574
564 565
570 571
577 579
600 651
601 647
602 639
603 635
604 624
605 613
606 608
618 621
629 632
642 645
654 714
655 665
658 661
668 691
670 680
672 675
685 688
695 709
698 703
699 700
719 778
720 726
721 722
729 731
735 773
737 740
744 759
747 749
753 756
764 767
781 836
784 831
787 814
789 791
794 808
797 805
798 799
818 827
819 825
821 823
839 886
842 868
844 865
845 863
846 854
849 850
857 859
871 878
872 874
881 884
889 942
890 911
892 899
893 896
904 906
916 936
917 927
918 925
919 922
931 933
947 1006
948 1003
950 997
952 993
955 988
958 984
959 981
961 977
964 972
965 966
1010 1066
1013 1054
1015 1016
1020 1036
1021 1024
1028 1031
1039 1042
1048 1049
1057 1063
1059 1060
1072 1133
1075 1131
1078 1125
1081 1120
1084 1117
1086 1114
1089 1112
1091 1107
1094 1103
1097 1098
1136 1195
1139 1178
1141 1165
1144 1153
1147 1148
1159 1162
1168 1169
1172 1174
1182 1191
1185 1187
1199 1261
1202 1223
1204 1219
1205 1215
1207 1209
1227 1256
1230 1233
1237 1250
1239 1240
1244 1246
1264 1317
1266 1295
1268 1279
1270 1276
1272 1273
1284 1286
1289 1291
1298 1308
1300 1302
1314 1315
1322 1378
1323 1324
1328 1342
1330 1331
1336 1337
1344 1347
1353 1356
1360 1362
1366 1375
1369 1372
1382 1435
1384 1422
1387 1400
1389 1395
1391 1392
1404 1409
1405 1406
1415 1418
1425 1426
1429 1431
1439 1496
1440 1486
1442 1445
1448 1481
1450 1470
1453 1461
1455 1457
1465 1468
1473 1476
1490 1492
1501 1563
1502 1557
1503 1552
1505 1548
1508 1542
1511 1538
1513 1533
1516 1531
1517 1527
1519 1522
1567 1625
1569 1621
1570 1617
1573 1612
1574 1606
1577 1603
1580 1599
1582 1594
1584 1591
1585 1588
1630 1692
1632 1651
1635 1645
1636 1639
1655 1669
1658 1665
1660 1662
1674 1688
1675 1676
1681 1684
1696 1757
1699 1753
1702 1747
1704 1742
1706 1737
1707 1733
1710 1729
1711 1723
1713 1719
1716 1717
1761 1816
1764 1812
1766 1807
1768 1802
1769 1800
1772 1795
1774 1791
1776 1789
1778 1785
1779 1781
1 3 11 22 23 26 28 43 50 52 53 58 87 88 108 112 118 122 127 135 139 142 144 149 150 158 160 170 216 231 234 236 245 250 256 261 266 274 278 288
