300 40
1 59
2 55
3 21
6 17
9 11
26 51
28 37
29 32
40 47
42 44
63 123
66 120
68 95
70 72
77 92
80 82
87 90
99 100
106 116
109 111
128 185
129 181
131 175
132 171
133 168
135 163
138 159
141 155
143 153
144 147
190 239
193 217
194 213
195 209
196 202
198 199
206 207
222 225
230 235
231 232
242 295
245 260
246 248
250 257
252 254
263 290
265 281
268 276
271 272
286 288
300 358
303 319
306 313
307 309
321 328
322 324
330 347
332 335
341 342
350 353
363 422
366 374
368 369
379 417
382 384
389 404
390 400
393 397
394 395
409 412
427 487
430 468
433 446
436 442
438 440
450 459
451 454
461 463
472 483
475 478
490 543
491 533
493 504
496 499
509 530
511 518
512 514
523 524
526 527
537 540
547 601
550 552
555 568
556 559
562 565
572 598
574 576
580 588
582 584
593 595
606 663
609 610
613 635
616 632
619 628
622 625
637 640
644 657
645 654
647 648
667 726
669 722
672 716
675 711
677 705
679 702
680 698
682 694
683 691
684 687
731 795
733 764
736 745
739 741
748 759
751 754
768 792
771 788
774 777
781 783
799 857
800 853
802 849
804 845
806 839
808 834
811 830
813 828
816 825
819 820
859 926
861 904
864 872
865 867
875 898
876 894
879 890
882 884
909 921
912 915
930 987
932 935
940 943
945 983
947 972
948 967
951 952
955 964
958 959
976 979
991 1047
994 1016
997 1012
998 999
1003 1004
1008 1009
1019 1042
1021 1030
1024 1026
1036 1038
1053 1112
1056 1108
1059 1103
1061 1099
1062 1095
1065 1093
1066 1089
1068 1084
1070 1080
1073 1075
1118 1174
1121 1171
1124 1167
1127 1163
1129 1160
1132 1156
1133 1152
1135 1150
1138 1146
1140 1143
1178 1233
1180 1228
1182 1225
1184 1222
1187 1216
1188 1212
1189 1209
1191 1205
1193 1202
1194 1197
1237 1291
1239 1287
1242 1281
1245 1277
1247 1273
1249 1270
1250 1267
1251 1264
1254 1260
1255 1256
1294 1345
1296 1303
1298 1300
1306 1309
1312 1340
1315 1316
1321 1325
1322 1323
1328 1329
1335 1336
1350 1403
1352 1382
1353 1360
1354 1356
1362 1378
1363 1366
1370 1372
1386 1401
1388 1396
1389 1392
1406 1464
1408 1441
1411 1438
1413 1427
1415 1424
1418 1421
1431 1434
1446 1460
1448 1451
1454 1457
1468 1524
1469 1520
1470 1518
1473 1515
1475 1509
1478 1504
1481 1502
1484 1499
1485 1494
1488 1489
1528 1593
1530 1569
1533 1543
1536 1539
1549 1558
1551 1553
1564 1565
1574 1588
1576 1584
1577 1580
1597 1657
1600 1609
1602 1603
1613 1653
1615 1637
1618 1626
1620 1622
1628 1631
1640 1648
1641 1644
1661 1723
1663 1706
1664 1673
1667 1669
1677 1700
1678 1689
1681 1684
1693 1695
1709 1718
1712 1713
1726 1784
1728 1780
1731 1770
1734 1751
1735 1749
1737 1740
1744 1745
1756 1765
1758 1761
1774 1776
1788 1835
1789 1818
1791 1792
1794 1815
1796 1805
1798 1799
1809 1810
1822 1828
1823 1824
1830 1833
16 24 38 47 49 54 55 56 61 67 70 85 90 91 92 112 122 127 136 143 151 154 161 172 178 183 190 194 195 209 214 249 251 252 258 265 284 285 294 298
