300 60
3 59
4 14
7 10
18 44
21 31
22 28
23 25
37 38
48 49
52 54
65 130
68 124
70 98
73 88
76 82
79 80
93 95
101 119
103 115
106 109
133 188
134 184
135 172
136 149
139 146
142 143
153 167
156 163
158 159
178 179
193 250
196 207
197 203
198 201
211 220
213 215
224 233
226 229
237 245
239 240
253 307
254 304
257 300
258 271
260 261
264 266
276 284
279 280
289 296
290 291
312 376
315 359
318 327
321 322
330 355
333 335
341 344
348 350
363 366
371 373
379 430
381 428
384 423
385 419
388 417
390 412
391 408
392 404
393 400
394 395
434 489
436 439
443 486
444 459
447 455
449 450
462 482
465 473
467 469
476 479
494 549
496 545
498 543
500 539
503 535
505 531
508 527
509 523
511 518
512 515
551 605
552 595
553 593
556 559
562 581
563 564
567 576
570 573
587 588
599 601
610 663
611 658
613 653
616 650
619 646
620 643
622 640
623 636
626 633
628 629
667 727
668 671
675 717
678 680
685 714
686 689
695 698
701 710
702 705
721 724
733 788
735 778
738 739
745 758
748 753
750 751
760 768
763 764
770 773
781 783
794 851
797 846
799 844
801 840
803 837
806 834
808 830
810 825
813 819
816 817
854 909
857 905
858 901
861 899
863 895
864 890
865 886
867 881
869 876
870 873
912 976
914 964
916 946
918 928
921 922
932 942
935 937
950 960
953 956
969 971
978 1041
981 1037
984 1031
986 1027
989 1021
992 1017
994 1013
996 1009
997 1003
999 1000
1046 1101
1047 1063
1049 1052
1055 1058
1068 1096
1071 1081
1072 1073
1075 1078
1084 1094
1087 1090
1106 1162
1108 1158
1109 1125
1111 1114
1117 1119
1122 1123
1129 1154
1132 1148
1135 1143
1136 1139
1165 1225
1168 1223
1171 1219
1173 1214
1176 1208
1178 1202
1180 1200
1182 1196
1185 1193
1188 1189
1230 1286
1231 1284
1234 1280
1237 1277
1240 1274
1241 1270
1243 1266
1246 1260
1248 1258
1250 1253
1289 1344
1290 1321
1293 1312
1295 1297
1299 1308
1301 1304
1315 1317
1326 1339
1327 1334
1329 1332
1350 1406
1353 1354
1360 1362
1364 1365
1370 1396
1373 1392
1374 1380
1377 1378
1385 1388
1402 1404
1408 1459
1409 1417
1410 1412
1421 1422
1425 1449
1428 1438
1429 1430
1432 1434
1443 1444
1452 1454
1464 1516
1465 1511
1466 1506
1467 1486
1469 1471
1475 1482
1476 1477
1490 1502
1493 1500
1495 1497
1520 1572
1521 1523
1527 1560
1530 1555
1531 1537
1533 1534
1542 1550
1543 1544
1547 1548
1564 1566
1576 1633
1577 1617
1578 1602
1581 1599
1584 1593
1585 1588
1606 1613
1608 1610
1620 1629
1623 1624
1637 1695
1638 1691
1641 1689
1642 1684
1644 1678
1645 1673
1647 1671
1650 1668
1652 1663
1655 1657
1698 1753
1701 1714
1704 1706
1709 1712
1717 1739
1719 1721
1727 1729
1733 1735
1742 1744
1746 1748
1759 1814
1762 1770
1765 1767
1774 1775
1779 1811
1782 1809
1784 1803
1785 1801
1788 1789
1794 1797
5 9 12 13 24 31 50 57 58 59 63 66 68 75 85 87 88 92 113 114 125 129 133 135 139 142 145 147 152 154 164 167 182 184 190 191 193 194 205 207 211 212 214 223 228 230 231 237 238 239 250 257 258 265 270 271 274 279 283 297
