100 15
2 55
5 22
6 9
11 17
12 14
28 42
30 33
37 39
45 48
52 53
59 229
60 219
61 191
62 185
65 83
68 75
69 72
78 80
86 92
88 90
95 100
96 97
105 126
107 109
113 116
120 122
130 137
132 134
142 149
145 147
154 165
157 160
170 173
177 179
181 183
194 196
201 214
204 205
210 212
224 225
234 346
237 266
239 264
241 253
242 243
246 249
257 260
269 332
272 280
274 275
282 327
285 320
288 291
296 318
298 315
301 310
303 305
323 324
336 341
337 338
351 464
354 363
356 357
366 440
367 383
370 378
371 374
386 425
388 394
389 390
397 408
400 406
401 402
412 419
413 415
429 435
431 432
445 462
446 457
449 452
468 579
470 494
471 477
473 474
482 484
487 490
498 512
501 509
502 503
514 558
516 546
518 528
519 525
520 521
532 541
534 535
550 553
562 563
567 574
568 570
6 11 15 18 23 40 49 53 59 65 72 74 83 85 97
