180 15
3 69
5 45
8 32
11 20
14 17
23 26
36 39
51 58
52 53
63 66
73 236
75 112
77 88
79 86
80 82
92 94
97 103
100 101
106 108
116 198
119 153
121 130
122 125
133 148
134 143
137 138
155 168
157 160
163 166
170 189
172 178
174 176
182 185
191 193
204 205
211 216
213 214
219 226
222 223
230 231
239 357
242 294
245 255
248 250
261 264
267 268
271 285
274 275
277 279
289 290
298 299
304 352
307 310
314 321
315 317
327 341
330 339
331 334
336 337
345 348
360 664
362 468
364 454
366 420
367 396
369 377
370 372
382 392
385 388
399 414
401 409
404 407
424 427
433 448
434 440
437 438
444 446
460 461
463 466
474 551
476 492
478 487
480 482
497 542
500 529
503 520
506 508
513 516
524 525
533 536
548 549
555 614
556 609
558 606
559 565
560 562
571 594
572 575
578 588
581 582
585 586
598 601
616 624
619 622
629 631
635 656
636 652
638 649
641 644
659 660
668 783
671 713
672 708
675 693
678 686
681 682
688 690
697 698
702 703
716 719
721 742
724 732
727 728
736 737
745 748
752 777
753 770
755 765
758 759
772 774
786 1083
788 978
791 836
793 832
795 816
796 799
802 804
808 811
821 822
825 828
840 899
842 893
845 887
848 868
850 851
856 859
863 866
870 877
872 874
882 883
902 904
908 922
910 912
914 917
926 948
929 944
930 939
932 935
951 963
953 955
957 958
965 967
972 974
980 992
982 990
984 986
996 1023
998 1000
1003 1018
1005 1014
1008 1011
1029 1053
1032 1050
1035 1041
1036 1038
1045 1046
1057 1077
1060 1065
1061 1062
1070 1073
20 33 37 65 86 89 90 116 124 143 145 154 166 178 180
