250 10
3 294
4 280
6 268
8 235
11 230
14 194
16 172
18 59
21 22
26 27
31 39
33 34
42 44
50 53
61 163
63 102
66 87
68 76
71 72
80 82
90 99
92 95
105 156
107 116
108 110
122 129
124 125
133 136
140 145
141 143
147 150
158 159
168 169
175 176
181 189
184 185
197 224
198 220
201 209
202 205
213 215
240 260
241 251
243 246
255 256
263 265
271 272
274 277
283 285
289 291
297 586
300 357
301 347
303 317
305 307
311 312
323 325
330 342
331 332
336 339
351 352
361 563
363 477
366 381
369 378
372 374
384 402
385 392
387 389
395 396
405 457
406 440
408 421
410 418
411 414
425 428
433 435
445 446
450 453
459 465
460 461
470 473
480 499
481 490
483 486
495 496
502 545
503 506
509 513
510 511
515 522
517 518
525 527
531 541
533 535
550 552
557 559
566 582
568 578
571 574
590 895
591 805
592 631
593 608
596 604
597 599
612 615
618 621
624 627
636 654
637 649
638 639
644 645
658 700
661 671
664 667
675 687
678 685
679 681
692 695
705 741
706 735
708 730
710 726
713 716
720 723
745 793
746 788
748 754
749 750
759 774
761 769
762 763
779 782
796 799
808 841
811 831
814 822
817 819
825 827
834 837
846 873
847 862
848 854
849 850
857 859
864 867
876 878
883 886
890 891
899 1198
902 1002
904 930
906 908
911 927
912 915
921 923
935 957
937 944
939 940
950 953
962 996
964 981
966 969
973 975
986 988
991 992
1005 1109
1007 1092
1010 1052
1013 1038
1014 1029
1016 1018
1024 1026
1032 1034
1040 1048
1041 1044
1057 1060
1066 1089
1067 1075
1069 1070
1079 1087
1080 1081
1094 1105
1097 1098
1100 1103
1113 1163
1115 1124
1118 1120
1126 1127
1131 1140
1133 1136
1143 1146
1150 1157
1153 1154
1168 1194
1170 1178
1171 1174
1184 1192
1185 1187
1203 1506
1204 1475
1206 1465
1209 1406
1212 1351
1215 1246
1217 1235
1218 1221
1224 1231
1226 1227
1239 1242
1248 1324
1251 1275
1252 1266
1253 1262
1256 1257
1270 1271
1279 1295
1282 1290
1283 1286
1298 1301
1307 1316
1309 1312
1318 1320
1330 1340
1333 1334
1346 1348
1355 1382
1356 1378
1357 1358
1362 1365
1371 1372
1387 1394
1388 1389
1399 1401
1411 1453
1414 1450
1417 1437
1420 1434
1423 1426
1428 1431
1441 1443
1445 1446
1455 1457
1462 1463
1469 1470
1479 1501
1482 1493
1485 1488
1496 1497
5 15 99 107 113 188 201 235 241 248
