300 60
2 27
4 24
6 9
15 22
17 18
30 54
31 39
33 34
43 45
48 50
59 84
60 75
62 65
68 70
78 81
87 111
89 92
96 98
103 108
104 106
113 142
114 138
116 119
124 135
127 130
147 170
148 165
150 156
151 152
159 160
175 200
176 184
179 182
188 189
194 196
203 232
205 212
206 209
218 226
220 221
236 265
237 260
240 250
243 245
254 255
270 296
271 274
278 279
283 285
290 293
301 323
303 320
304 316
307 308
311 312
327 350
328 337
329 332
339 347
340 341
355 384
357 359
365 382
368 371
375 377
386 409
387 407
389 392
396 403
397 399
412 439
414 417
423 425
428 429
433 435
443 469
445 464
448 455
450 451
458 459
475 498
476 490
479 485
480 481
493 495
502 531
503 506
510 526
513 514
519 522
537 564
538 559
540 547
542 543
552 555
569 596
570 593
572 590
574 577
581 584
600 628
602 604
608 626
610 620
613 615
633 661
635 644
637 640
648 655
649 651
667 690
669 672
675 677
682 686
683 684
696 720
698 704
699 700
709 710
714 715
726 752
729 738
732 734
742 749
744 746
756 787
759 784
761 778
764 767
770 773
790 815
792 799
794 797
804 812
806 807
817 842
819 824
820 821
828 831
835 837
847 876
848 856
851 852
861 872
863 866
880 905
883 903
884 887
892 895
900 901
911 940
913 935
916 923
917 919
929 932
944 970
946 953
947 950
957 959
962 965
974 1001
977 990
979 982
986 987
995 997
1007 1033
1010 1029
1012 1025
1013 1014
1017 1020
1039 1067
1041 1048
1042 1045
1052 1063
1055 1058
1069 1091
1070 1079
1072 1074
1082 1084
1087 1088
1095 1122
1097 1100
1104 1112
1107 1110
1115 1117
1127 1152
1130 1149
1131 1139
1133 1134
1143 1146
1156 1182
1158 1177
1161 1174
1162 1170
1165 1166
1186 1211
1188 1195
1190 1192
1197 1207
1200 1203
1215 1239
1218 1229
1219 1221
1224 1227
1233 1236
1244 1270
1245 1254
1248 1249
1256 1258
1261 1264
1273 1301
1275 1283
1277 1280
1289 1295
1291 1293
1305 1329
1307 1308
1311 1312
1317 1319
1322 1325
1333 1357
1335 1341
1336 1337
1346 1353
1347 1350
1359 1386
1361 1382
1362 1370
1363 1365
1375 1376
1390 1419
1391 1393
1398 1413
1401 1409
1403 1406
1423 1444
1424 1433
1427 1428
1430 1431
1438 1440
1446 1477
1449 1458
1452 1455
1464 1473
1466 1468
1481 1509
1484 1498
1486 1492
1489 1490
1502 1505
1511 1538
1512 1534
1515 1516
1521 1522
1526 1529
1543 1567
1546 1560
1548 1557
1550 1553
1562 1564
1571 1591
1574 1580
1576 1577
1584 1589
1586 1587
1597 1624
1599 1612
1602 1604
1608 1610
1616 1618
1629 1662
1632 1650
1635 1646
1638 1641
1655 1656
1665 1695
1667 1684
1670 1680
1673 1676
1688 1691
1698 1720
1699 1716
1702 1704
1707 1709
1711 1714
1724 1752
1726 1736
1729 1732
1741 1748
1743 1745
1756 1785
1759 1767
1762 1764
1773 1781
1776 1779
1790 1816
1793 1799
1794 1796
1804 1811
1805 1808
12 15 17 23 26 32 36 39 41 47 58 70 71 80 84 89 90 91 97 101 104 106 107 110 116 120 122 125 135 151 155 162 163 166 168 173 177 179 184 201 205 206 219 220 224 225 226 234 238 240 241 246 247 250 259 262 277 283 284 291
