300 60
3 52
5 30
8 26
9 20
11 16
12 14
22 23
35 49
36 39
42 45
56 110
59 68
61 63
70 105
73 84
74 75
78 80
89 100
91 92
96 98
114 171
117 167
118 134
119 129
122 125
138 139
142 150
145 146
155 158
163 164
175 232
176 197
179 180
185 188
192 193
200 215
202 210
204 205
220 223
227 229
237 296
239 282
240 278
243 252
244 247
257 259
263 265
271 273
284 291
287 288
302 355
305 348
306 332
309 310
314 316
321 326
322 323
334 335
341 344
350 352
359 417
362 415
364 372
366 367
376 397
379 382
384 392
385 386
401 404
408 409
419 475
422 459
425 436
426 429
431 432
441 453
442 450
444 446
464 465
470 472
479 540
480 483
487 508
489 503
491 492
497 498
511 537
513 516
519 522
528 531
545 607
548 551
555 567
558 561
572 596
575 587
577 584
579 581
591 592
600 601
613 677
615 630
618 625
619 620
634 672
637 662
640 658
643 652
646 647
665 667
681 735
682 688
683 685
692 693
699 714
701 702
706 709
720 721
724 732
727 728
737 792
738 759
740 747
741 743
751 753
762 776
765 767
770 771
778 788
781 783
795 848
798 820
801 804
808 817
809 812
824 838
825 826
830 834
831 832
843 844
851 903
854 875
855 867
856 863
857 858
870 872
881 883
886 887
892 900
894 895
908 972
911 941
914 930
917 920
923 926
934 936
945 969
947 948
954 955
961 963
975 1028
977 1016
980 983
986 996
987 994
989 990
998 1012
1000 1001
1003 1006
1021 1023
1031 1082
1032 1076
1035 1054
1036 1043
1037 1040
1047 1049
1058 1069
1060 1067
1061 1063
1072 1074
1086 1145
1089 1119
1091 1108
1094 1104
1096 1099
1111 1116
1113 1114
1123 1124
1128 1140
1131 1134
1150 1211
1153 1198
1156 1158
1162 1174
1163 1164
1166 1168
1178 1181
1186 1188
1191 1193
1203 1206
1214 1278
1217 1220
1225 1274
1227 1255
1230 1252
1233 1240
1234 1236
1245 1248
1260 1261
1267 1270
1280 1345
1283 1286
1289 1292
1298 1340
1300 1336
1303 1304
1310 1324
1312 1313
1317 1320
1330 1333
1349 1403
1352 1399
1353 1372
1354 1369
1357 1358
1363 1364
1376 1377
1382 1395
1384 1392
1386 1387
1408 1459
1410 1411
1413 1429
1414 1426
1417 1420
1422 1423
1433 1449
1436 1439
1442 1443
1453 1455
1462 1516
1464 1499
1467 1468
1470 1476
1471 1473
1479 1489
1482 1485
1494 1495
1504 1513
1505 1508
1521 1578
1523 1525
1530 1546
1532 1535
1539 1542
1550 1563
1552 1559
1555 1557
1568 1569
1571 1572
1583 1640
1584 1587
1592 1615
1595 1603
1597 1598
1609 1611
1617 1636
1618 1621
1627 1634
1629 1632
1643 1704
1645 1665
1646 1659
1648 1650
1654 1655
1671 1678
1672 1673
1681 1699
1684 1694
1687 1689
1707 1763
1710 1730
1712 1721
1715 1716
1725 1726
1734 1754
1737 1738
1742 1750
1745 1748
1757 1758
1765 1811
1767 1793
1770 1773
1776 1780
1777 1778
1783 1789
1784 1786
1797 1798
1803 1804
1806 1808
9 10 12 16 24 29 33 37 45 57 58 59 61 69 74 77 78 81 84 90 94 95 101 103 109 112 114 121 122 123 129 135 137 146 147 152 165 166 169 174 175 177 195 196 223 228 232 233 234 235 240 246 251 257 277 282 293 294 295 296
