300 60
1 61
3 49
6 30
9 12
16 19
21 24
35 40
36 38
44 45
54 57
66 122
69 117
72 112
73 109
76 107
77 101
78 97
80 94
82 89
84 85
124 180
126 175
127 172
128 167
130 164
131 159
132 153
134 147
137 144
138 140
182 237
185 210
186 202
188 189
193 196
205 206
213 233
215 218
221 223
227 229
242 301
244 295
245 291
247 285
248 282
251 277
253 273
254 268
255 262
256 258
307 365
310 354
311 317
313 315
322 343
324 326
329 332
336 338
347 350
359 360
369 420
371 418
372 416
375 414
377 411
379 406
382 400
383 397
384 393
387 388
423 474
426 443
428 430
434 437
446 448
453 466
454 460
455 456
462 464
470 471
478 535
480 496
481 490
483 486
501 527
502 522
505 518
506 513
508 511
532 533
539 591
540 587
541 585
543 581
544 577
546 575
547 570
550 565
553 562
556 558
595 644
597 642
598 638
599 635
600 631
602 626
604 621
605 619
607 613
608 609
649 702
652 698
655 692
658 689
661 687
662 683
663 679
665 676
666 673
667 668
705 764
707 739
708 710
715 724
717 720
727 729
733 736
744 746
750 759
752 755
770 830
772 828
775 825
776 821
778 817
781 811
782 807
785 803
788 799
791 794
833 890
834 888
835 882
837 880
840 876
843 872
845 867
847 862
849 858
851 854
893 946
896 942
897 940
899 936
900 931
903 926
905 923
906 918
907 914
908 910
950 1007
952 1003
954 1000
957 995
959 991
961 986
962 982
964 978
966 974
967 970
1011 1068
1013 1063
1015 1057
1018 1053
1019 1050
1021 1045
1022 1042
1025 1038
1027 1034
1028 1031
1070 1131
1071 1126
1072 1121
1074 1118
1077 1113
1079 1109
1082 1106
1085 1101
1087 1096
1089 1092
1135 1194
1137 1192
1140 1189
1143 1184
1146 1180
1148 1175
1150 1172
1153 1168
1155 1164
1158 1160
1199 1252
1201 1247
1203 1243
1204 1239
1207 1237
1209 1232
1210 1227
1211 1223
1214 1221
1216 1218
1255 1311
1257 1270
1258 1260
1265 1266
1274 1284
1277 1279
1286 1307
1288 1296
1291 1292
1300 1303
1315 1365
1318 1362
1321 1360
1322 1358
1324 1355
1327 1353
1328 1349
1331 1344
1333 1340
1334 1335
1371 1428
1372 1424
1375 1421
1378 1417
1379 1412
1381 1406
1382 1402
1383 1398
1385 1392
1387 1390
1433 1487
1436 1483
1437 1479
1440 1475
1442 1473
1445 1468
1447 1464
1448 1460
1450 1458
1451 1453
1491 1555
1494 1549
1496 1543
1498 1538
1500 1536
1502 1531
1504 1526
1505 1521
1508 1516
1511 1513
1558 1616
1560 1613
1562 1609
1565 1605
1566 1603
1568 1598
1571 1595
1574 1592
1576 1586
1579 1582
1620 1680
1623 1653
1624 1649
1627 1635
1628 1631
1639 1646
1641 1644
1658 1660
1665 1667
1673 1676
1683 1746
1686 1742
1688 1737
1689 1733
1691 1727
1694 1722
1696 1717
1697 1713
1698 1709
1701 1704
1748 1803
1751 1800
1753 1795
1754 1791
1755 1787
1757 1784
1758 1779
1760 1774
1761 1769
1764 1767
5 8 12 14 16 25 31 41 46 49 51 58 63 67 69 77 84 96 97 98 106 115 116 133 139 141 147 151 152 155 163 164 166 168 177 184 194 196 198 200 204 206 207 222 223 230 240 252 264 269 270 274 275 278 285 287 289 292 293 295
