300 100
2 61
4 56
6 53
8 47
11 41
13 37
14 35
15 29
17 24
18 20
67 122
68 113
71 80
73 74
84 98
87 94
88 90
103 109
105 106
116 119
128 182
129 178
131 175
134 171
137 167
139 164
140 162
143 159
146 156
149 152
187 247
189 190
196 210
199 201
204 206
214 223
216 219
229 243
232 233
237 240
252 299
253 297
255 294
257 291
260 286
261 284
264 280
266 276
268 273
269 271
304 366
305 363
307 359
310 355
313 351
316 346
319 341
320 337
323 333
326 329
371 431
374 427
377 424
380 420
381 414
384 408
386 404
388 400
390 397
391 394
437 494
440 442
446 466
449 452
457 458
462 463
471 473
477 479
482 490
484 486
497 559
500 510
503 505
515 536
518 520
523 526
530 532
540 548
543 545
553 554
563 615
564 612
566 608
568 606
571 602
574 599
576 593
579 589
580 585
581 582
620 671
621 665
624 661
627 659
628 654
629 651
631 649
632 647
635 642
636 639
674 732
677 728
679 722
680 717
683 713
684 707
685 703
686 699
687 695
688 690
734 791
737 785
739 781
741 777
743 773
746 770
748 765
749 761
750 757
753 755
795 854
797 849
800 845
803 841
805 835
807 833
809 829
811 825
813 822
816 819
859 909
862 864
868 890
870 871
877 883
880 881
886 887
893 901
896 899
904 905
913 966
915 933
917 930
919 922
925 927
938 950
939 946
942 944
954 960
956 958
968 1019
969 1015
972 1010
974 1006
977 1003
978 999
979 996
980 993
983 991
986 988
1023 1080
1024 1049
1025 1027
1031 1040
1034 1037
1044 1046
1053 1063
1056 1059
1067 1070
1074 1077
1084 1143
1086 1118
1089 1099
1091 1094
1102 1110
1104 1105
1114 1115
1122 1139
1125 1128
1133 1134
1149 1199
1152 1196
1153 1193
1154 1190
1156 1186
1158 1181
1160 1177
1163 1174
1164 1170
1165 1168
1202 1252
1205 1248
1208 1244
1209 1240
1210 1238
1213 1233
1214 1229
1215 1226
1217 1223
1218 1219
1255 1315
1258 1301
1260 1275
1261 1263
1268 1270
1278 1296
1279 1286
1281 1283
1291 1292
1307 1310
1318 1371
1319 1367
1321 1363
1323 1361
1324 1356
1327 1352
1330 1347
1332 1343
1333 1341
1335 1338
1375 1428
1376 1426
1379 1382
1386 1423
1387 1411
1390 1408
1393 1403
1394 1400
1396 1398
1417 1419
1430 1497
1433 1492
1435 1467
1437 1447
1439 1441
1453 1454
1458 1461
1470 1488
1472 1482
1475 1478
1500 1556
1501 1552
1503 1547
1506 1542
1508 1538
1511 1536
1514 1534
1515 1530
1516 1525
1519 1521
1561 1614
1564 1611
1566 1607
1568 1601
1570 1599
1571 1594
1574 1589
1575 1586
1577 1582
1578 1579
1617 1673
1619 1655
1620 1622
1627 1630
1634 1636
1640 1651
1642 1648
1643 1645
1659 1669
1662 1664
1678 1738
1681 1698
1684 1695
1686 1689
1701 1726
1703 1718
1704 1707
1710 1713
1721 1722
1729 1732
1742 1800
1745 1796
1747 1791
1749 1786
1750 1782
1753 1778
1754 1774
1756 1770
1759 1767
1762 1763
2 8 10 11 13 14 15 23 24 32 33 36 37 38 39 41 45 48 49 58 61 63 67 68 69 70 76 77 85 87 88 91 92 93 95 96 102 105 106 108 109 112 116 117 118 123 125 128 129 130 134 143 150 153 154 158 165 166 169 176 177 178 180 183 185 189 193 195 196 197 198 201 206 214 215 216 220 227 231 232 246 247 248 256 258 263 265 266 267 276 278 279 282 283 284 285 292 296 297 300
