300 20
2 56
3 52
4 49
6 45
7 41
10 38
13 34
16 31
17 26
19 22
60 122
61 94
64 82
67 70
74 76
87 90
97 116
98 114
99 102
106 109
124 178
126 174
127 168
128 164
131 160
134 157
136 153
137 150
139 148
142 143
182 235
184 202
185 191
186 188
195 197
206 214
209 210
218 230
219 225
221 223
240 295
243 245
249 265
251 254
260 261
270 281
272 273
276 279
284 291
286 287
299 360
301 302
307 342
309 331
312 315
321 322
326 327
336 337
345 355
347 349
363 415
365 375
367 370
379 380
383 407
384 403
386 401
388 397
391 393
409 410
418 469
420 467
423 463
425 458
426 455
428 453
429 449
432 445
433 440
435 437
472 523
473 518
474 514
476 508
478 505
480 503
481 499
482 495
483 491
486 488
525 579
528 575
530 573
531 570
533 567
536 563
538 557
541 551
542 548
544 546
582 637
583 634
585 629
588 625
589 621
590 617
593 613
595 611
598 608
601 602
642 699
645 674
647 662
648 658
651 654
667 671
668 669
679 680
684 687
691 694
705 764
706 714
708 710
719 751
721 738
724 735
726 729
744 746
753 760
755 756
770 832
773 827
776 821
777 816
779 811
780 807
783 804
786 801
789 795
791 792
836 894
837 860
839 847
840 843
851 854
865 890
866 884
868 881
869 871
876 878
900 968
903 966
905 961
908 955
910 949
912 944
915 941
916 935
919 929
920 923
972 1024
974 1021
977 1019
978 1015
980 1011
982 1005
984 1000
986 997
989 995
990 991
1027 1082
1029 1078
1032 1075
1034 1070
1037 1065
1038 1061
1039 1059
1042 1054
1044 1050
1045 1047
1085 1140
1086 1136
1087 1134
1088 1129
1091 1125
1093 1121
1094 1116
1096 1112
1098 1108
1099 1102
1145 1204
1148 1188
1150 1160
1151 1153
1156 1157
1166 1182
1168 1178
1171 1174
1192 1193
1199 1200
1209 1268
1211 1232
1212 1213
1218 1221
1225 1227
1237 1239
1243 1265
1244 1253
1245 1247
1257 1260
1271 1322
1272 1317
1273 1312
1274 1309
1277 1306
1278 1302
1280 1298
1281 1293
1282 1289
1284 1285
1326 1390
1329 1384
1331 1380
1334 1374
1336 1369
1338 1363
1339 1359
1342 1356
1345 1352
1347 1348
1392 1448
1395 1442
1398 1436
1399 1433
1400 1430
1401 1425
1403 1421
1406 1418
1409 1416
1411 1413
1452 1508
1453 1472
1454 1456
1461 1469
1464 1466
1475 1492
1477 1479
1485 1487
1496 1497
1503 1504
1512 1572
1514 1555
1516 1525
1517 1520
1531 1549
1533 1544
1536 1539
1552 1553
1560 1563
1566 1568
1577 1630
1579 1624
1581 1619
1583 1615
1584 1611
1586 1607
1587 1604
1588 1600
1589 1597
1592 1594
1633 1687
1636 1685
1637 1680
1640 1677
1641 1674
1644 1672
1646 1669
1649 1664
1652 1662
1653 1656
1692 1752
1693 1743
1694 1705
1697 1699
1711 1733
1714 1722
1715 1717
1726 1728
1735 1738
1746 1748
1755 1812
1757 1808
1759 1802
1760 1797
1763 1793
1765 1787
1766 1784
1767 1780
1769 1776
1771 1772
22 30 52 71 72 88 104 124 131 183 186 194 198 199 202 237 239 252 278 284
