300 20
3 59
6 29
8 19
9 16
10 12
23 26
32 40
34 36
46 49
54 56
62 123
65 81
68 78
71 73
84 117
87 111
88 90
93 109
96 98
103 104
128 182
129 157
130 147
132 134
140 142
150 153
162 175
164 170
166 168
178 179
186 234
187 222
190 193
195 209
196 197
200 207
202 204
214 216
225 230
226 228
240 292
241 277
244 266
246 261
248 250
255 258
270 275
271 272
281 287
283 285
296 347
297 307
300 302
311 329
314 316
319 326
321 324
333 343
334 341
337 339
352 402
353 382
355 378
357 373
360 368
361 362
385 396
388 394
389 390
398 399
405 464
406 417
409 412
420 461
422 430
425 426
434 455
435 441
436 439
447 450
470 528
473 481
475 477
484 502
485 493
486 488
498 499
506 508
513 522
516 519
534 595
535 591
537 587
540 576
542 571
543 560
546 558
549 552
565 568
582 583
599 658
600 613
602 609
603 606
618 652
619 633
622 630
623 626
636 646
639 641
660 717
663 673
666 668
678 687
679 681
683 685
693 702
695 698
705 711
706 708
720 780
723 753
726 747
728 739
731 733
743 744
755 758
762 777
764 773
766 768
783 838
786 832
788 827
790 815
791 792
796 803
798 800
808 811
820 823
835 836
843 891
844 878
845 852
846 848
855 874
857 859
863 872
866 868
882 889
883 886
896 951
897 948
900 937
902 921
904 905
911 914
916 918
926 927
931 934
941 944
957 1015
958 985
960 981
961 963
968 977
971 973
989 1011
991 1008
993 996
1001 1004
1018 1074
1019 1070
1022 1037
1024 1032
1026 1027
1039 1053
1041 1049
1043 1044
1058 1060
1064 1067
1078 1132
1080 1098
1081 1090
1084 1087
1094 1095
1100 1109
1102 1104
1113 1121
1116 1117
1124 1126
1137 1197
1138 1172
1140 1150
1142 1144
1155 1169
1157 1159
1163 1166
1177 1179
1183 1193
1185 1188
1202 1259
1205 1245
1206 1240
1208 1216
1210 1211
1222 1234
1223 1224
1228 1229
1247 1255
1250 1251
1264 1318
1267 1314
1269 1303
1270 1271
1276 1299
1277 1283
1278 1280
1287 1293
1288 1291
1307 1309
1322 1376
1323 1355
1324 1331
1327 1328
1336 1350
1338 1347
1341 1343
1359 1360
1363 1371
1365 1368
1381 1435
1384 1389
1385 1386
1395 1431
1397 1400
1404 1429
1405 1426
1407 1408
1414 1415
1420 1421
1440 1496
1441 1476
1442 1459
1443 1453
1446 1448
1463 1464
1468 1471
1479 1481
1484 1486
1490 1493
1500 1555
1502 1545
1504 1512
1506 1509
1515 1542
1518 1533
1521 1522
1527 1528
1536 1537
1551 1553
1559 1610
1561 1567
1562 1564
1570 1572
1576 1607
1578 1581
1585 1603
1586 1600
1589 1596
1590 1591
1613 1665
1616 1622
1617 1618
1624 1653
1626 1633
1628 1631
1636 1650
1637 1639
1642 1644
1658 1661
1669 1724
1671 1715
1672 1704
1675 1684
1678 1680
1687 1701
1689 1691
1695 1697
1709 1711
1721 1722
1728 1783
1729 1774
1731 1746
1732 1742
1735 1738
1750 1760
1753 1756
1762 1764
1767 1769
1778 1779
1 10 12 24 26 28 31 67 79 97 98 104 111 135 186 200 236 295 297 300
