300 20
1 129
3 126
5 123
8 10
16 99
19 97
22 31
25 28
34 92
37 86
38 81
41 68
42 65
45 48
51 54
58 61
74 76
102 118
104 112
106 107
131 250
133 233
135 211
137 195
138 185
141 171
143 146
150 165
151 163
154 157
175 177
181 183
188 190
199 200
202 205
217 218
221 230
222 224
237 239
245 247
255 376
258 345
259 341
261 286
262 282
264 280
266 275
268 270
292 337
294 296
301 333
302 328
303 323
304 318
305 307
312 313
350 371
352 365
353 361
356 357
380 516
383 386
389 421
392 416
395 412
397 407
399 402
427 502
430 433
439 497
441 473
443 467
444 446
452 464
455 458
478 480
484 493
485 487
507 512
508 509
518 631
520 612
521 586
523 569
526 535
527 530
538 545
541 543
549 552
554 566
556 557
561 562
573 575
579 582
590 598
593 595
604 606
615 622
616 619
624 625
636 754
637 651
640 641
645 648
657 671
659 668
661 663
674 750
675 734
678 732
681 719
683 717
684 687
693 712
696 699
705 708
723 730
724 727
737 746
738 741
758 883
759 881
762 876
764 765
771 865
773 860
774 836
776 833
778 790
781 784
794 828
796 816
799 805
800 801
809 810
822 823
842 844
848 856
849 850
869 872
886 1001
888 998
889 908
890 905
893 903
896 899
913 994
914 937
917 928
920 922
930 932
942 989
943 984
944 946
950 981
951 959
954 957
963 978
965 967
973 974
1006 1112
1007 1012
1009 1010
1016 1017
1022 1023
1026 1106
1027 1078
1028 1029
1034 1076
1036 1074
1038 1070
1039 1064
1041 1058
1043 1056
1045 1051
1046 1047
1082 1102
1085 1096
1086 1092
1088 1090
1116 1236
1118 1232
1121 1209
1123 1205
1125 1199
1128 1135
1130 1131
1138 1197
1140 1194
1142 1145
1150 1188
1153 1155
1159 1160
1163 1177
1165 1173
1167 1168
1183 1184
1214 1215
1219 1226
1220 1221
1239 1361
1241 1261
1243 1256
1244 1246
1250 1251
1265 1268
1271 1274
1278 1350
1280 1308
1282 1284
1288 1297
1289 1291
1300 1302
1313 1334
1314 1323
1315 1318
1327 1330
1336 1347
1338 1341
1354 1356
1367 1482
1368 1370
1374 1377
1382 1477
1384 1392
1386 1387
1394 1395
1398 1472
1399 1400
1405 1412
1406 1409
1418 1468
1420 1439
1423 1425
1431 1434
1443 1444
1448 1463
1449 1460
1450 1452
1455 1457
1487 1595
1489 1592
1492 1588
1493 1494
1497 1582
1499 1578
1502 1570
1503 1529
1505 1511
1507 1509
1516 1524
1519 1520
1535 1568
1537 1563
1538 1543
1539 1540
1546 1558
1547 1554
1549 1550
1573 1574
1599 1718
1601 1637
1604 1621
1607 1617
1610 1613
1624 1633
1625 1627
1641 1642
1644 1715
1647 1712
1649 1651
1654 1666
1657 1660
1671 1708
1673 1702
1675 1682
1676 1679
1686 1700
1688 1696
1690 1692
1723 1846
1724 1781
1727 1776
1730 1772
1732 1767
1735 1761
1737 1757
1739 1752
1742 1749
1743 1745
1786 1788
1792 1840
1795 1838
1797 1833
1800 1803
1807 1830
1808 1823
1810 1813
1817 1818
1826 1828
6 19 25 26 42 54 57 104 118 128 147 158 165 182 195 252 256 260 286 296
