300 40
1 119
3 5
10 113
11 109
13 24
15 18
26 35
27 30
41 104
42 78
43 73
44 70
47 68
49 52
56 58
62 63
81 101
84 94
87 90
96 97
124 243
126 150
127 146
128 138
131 134
143 144
155 191
158 189
159 178
161 163
168 175
169 171
181 183
195 233
196 206
198 201
211 229
213 224
216 219
237 240
248 363
251 360
254 256
260 276
262 270
264 267
279 358
282 354
284 343
286 331
287 324
290 322
292 305
295 301
296 298
308 309
315 317
326 328
337 339
347 350
368 472
369 468
372 374
379 385
382 383
388 465
389 455
392 398
393 394
403 449
405 445
406 407
410 429
411 418
413 414
423 426
433 441
434 438
435 436
459 462
477 599
478 552
479 537
482 510
483 504
486 489
494 495
497 499
514 522
515 518
528 531
540 542
546 547
556 589
557 573
560 562
567 570
577 580
585 586
593 594
602 707
603 606
610 701
611 612
617 699
620 695
622 632
625 628
638 643
639 641
648 692
651 690
653 686
656 683
658 670
660 662
664 667
672 681
674 676
704 705
710 835
711 722
714 717
725 832
726 821
728 733
729 731
739 809
742 805
745 755
748 750
757 801
760 785
763 781
765 776
768 770
788 798
790 793
814 817
827 828
840 954
841 907
843 900
844 851
847 848
857 884
860 863
868 881
871 872
875 877
888 897
890 893
903 904
912 920
914 916
925 951
927 946
929 944
930 941
933 936
957 1073
960 1010
961 992
964 965
970 978
971 973
982 984
986 987
996 998
1001 1002
1005 1006
1015 1064
1017 1048
1018 1034
1020 1023
1027 1029
1040 1042
1052 1053
1059 1060
1066 1069
1079 1193
1081 1142
1082 1137
1084 1134
1087 1088
1092 1131
1094 1096
1100 1126
1102 1122
1105 1112
1108 1110
1115 1116
1145 1189
1147 1186
1148 1182
1149 1178
1151 1172
1152 1160
1154 1156
1163 1166
1199 1326
1201 1298
1203 1262
1205 1239
1206 1236
1208 1216
1211 1213
1219 1221
1227 1230
1244 1259
1246 1254
1249 1250
1265 1292
1268 1277
1271 1273
1282 1284
1286 1289
1303 1306
1311 1321
1314 1315
1330 1444
1331 1358
1333 1354
1334 1342
1336 1338
1345 1348
1361 1363
1367 1441
1368 1370
1374 1436
1377 1383
1379 1380
1387 1432
1389 1426
1390 1392
1396 1409
1397 1399
1404 1405
1414 1423
1416 1419
1448 1557
1451 1466
1452 1455
1459 1462
1468 1470
1474 1552
1476 1501
1477 1485
1479 1481
1491 1496
1492 1493
1507 1550
1508 1546
1511 1512
1516 1543
1518 1540
1519 1520
1523 1532
1525 1527
1535 1538
1559 1671
1562 1613
1564 1592
1566 1582
1569 1578
1572 1574
1587 1588
1594 1609
1597 1598
1604 1606
1618 1624
1619 1621
1629 1667
1631 1656
1634 1640
1635 1636
1644 1645
1649 1650
1659 1665
1660 1663
1673 1788
1675 1785
1676 1684
1678 1679
1688 1781
1691 1692
1698 1776
1700 1773
1703 1705
1710 1771
1713 1750
1716 1746
1719 1742
1720 1723
1726 1740
1729 1730
1734 1735
1756 1764
1758 1760
1766 1768
4 9 17 19 23 24 26 49 50 62 73 77 81 98 102 119 137 145 146 152 157 167 169 174 176 182 199 206 210 213 220 223 234 235 250 257 274 277 278 281
