300 40
2 178
3 175
6 163
8 161
9 151
10 148
13 146
14 132
17 20
24 48
25 27
29 46
31 42
34 36
51 129
53 95
56 91
57 73
58 68
61 64
76 85
78 81
99 125
102 120
104 115
106 109
138 140
156 157
166 167
170 171
182 357
184 212
185 208
188 196
190 193
200 202
215 311
217 306
219 244
221 234
222 225
228 229
238 240
248 290
249 250
253 260
254 255
263 277
264 266
271 272
283 285
294 301
296 298
316 337
317 319
325 332
326 328
341 354
342 344
348 351
360 545
362 539
365 493
367 370
372 490
373 376
380 484
382 385
389 480
392 393
396 476
398 470
401 459
402 429
405 426
406 421
409 418
412 413
432 456
434 437
442 451
444 447
462 464
499 537
500 502
505 535
508 530
511 521
513 516
524 526
549 732
551 563
552 553
558 560
568 578
569 570
574 575
583 677
585 642
588 619
590 599
593 594
603 605
609 610
613 615
622 625
629 631
635 636
644 671
647 657
650 652
663 666
681 683
687 711
688 705
690 699
693 694
717 724
719 720
728 729
736 918
737 746
740 741
752 773
754 760
755 756
766 769
777 912
778 779
781 906
782 903
785 793
787 789
797 800
805 897
806 823
808 810
816 818
827 895
828 889
830 844
832 839
833 835
848 887
851 878
854 856
860 874
862 865
868 871
882 883
920 1105
923 975
924 959
927 930
936 939
943 949
944 946
953 954
963 971
965 968
980 983
988 1053
989 1004
991 1000
994 995
1007 1045
1009 1024
1011 1013
1017 1019
1030 1032
1038 1039
1048 1050
1057 1066
1058 1061
1071 1085
1074 1075
1078 1081
1088 1100
1090 1092
1096 1097
1110 1290
1111 1126
1113 1120
1114 1116
1130 1133
1138 1288
1141 1284
1142 1276
1144 1145
1149 1168
1152 1163
1155 1158
1172 1272
1174 1175
1181 1187
1182 1185
1191 1266
1192 1260
1193 1211
1196 1207
1197 1205
1198 1200
1215 1255
1218 1226
1221 1223
1230 1253
1231 1233
1236 1239
1244 1247
1279 1282
1294 1477
1296 1474
1299 1300
1304 1445
1305 1442
1308 1316
1311 1312
1320 1437
1322 1425
1325 1346
1328 1335
1330 1332
1340 1341
1348 1420
1349 1416
1351 1411
1353 1408
1355 1363
1357 1358
1369 1383
1372 1375
1377 1378
1386 1403
1389 1391
1396 1399
1431 1433
1450 1459
1451 1453
1462 1471
1464 1466
1480 1657
1481 1638
1483 1591
1485 1534
1486 1512
1487 1509
1489 1496
1490 1492
1500 1505
1501 1503
1514 1530
1517 1525
1520 1521
1537 1545
1539 1541
1548 1580
1549 1566
1552 1563
1554 1557
1568 1571
1576 1577
1584 1585
1596 1597
1603 1613
1605 1608
1617 1627
1620 1623
1631 1634
1642 1644
1650 1651
1661 1842
1662 1665
1667 1824
1668 1819
1669 1672
1677 1706
1678 1700
1681 1696
1683 1690
1685 1687
1712 1814
1714 1808
1716 1804
1719 1799
1720 1730
1723 1726
1736 1796
1738 1763
1741 1758
1743 1750
1746 1747
1755 1756
1769 1793
1771 1790
1772 1787
1775 1777
1781 1784
1829 1840
1831 1838
1832 1833
3 5 11 13 15 19 23 26 41 42 45 50 85 98 107 114 124 141 154 178 186 190 191 197 199 201 207 218 219 224 229 232 236 250 269 284 285 290 291 293
