300 80
1 172
2 158
5 155
6 17
8 13
10 11
19 149
21 145
23 141
24 131
26 118
29 116
30 111
32 100
33 95
34 66
37 58
38 56
41 44
48 51
60 62
69 92
71 86
74 77
79 82
103 105
122 127
123 124
133 136
164 167
178 350
180 210
182 199
184 191
185 188
194 197
205 207
215 347
218 219
224 343
225 338
227 229
235 268
237 265
239 258
241 254
243 251
244 245
260 262
273 333
274 330
276 327
279 323
280 321
282 303
285 286
290 298
292 293
306 317
309 312
356 525
358 359
365 513
366 479
368 374
370 371
376 475
378 380
386 473
389 469
391 465
392 399
393 395
402 460
403 406
409 428
412 422
413 419
414 416
433 456
435 438
441 450
444 446
483 510
485 507
488 503
489 499
491 494
515 516
519 521
531 703
533 629
536 604
539 575
541 569
542 545
547 554
548 549
558 565
560 562
579 582
585 601
587 597
588 593
590 591
608 625
611 614
619 621
633 693
634 637
641 679
644 677
646 647
650 673
653 665
656 659
667 668
683 686
688 691
697 698
707 890
710 886
712 877
714 716
721 860
722 855
723 853
724 742
727 737
730 733
744 813
745 808
747 804
749 798
750 793
753 788
754 757
762 774
765 768
779 780
783 784
818 847
821 843
824 840
826 833
827 829
835 836
864 872
865 866
880 882
894 1061
897 1059
899 1052
900 916
901 911
902 909
903 906
919 1046
920 921
926 1044
929 962
931 957
932 954
933 948
935 945
938 939
966 1039
968 1036
969 1032
971 998
974 989
977 985
979 980
993 996
1004 1027
1006 1025
1009 1023
1011 1020
1012 1014
1055 1056
1066 1232
1067 1118
1068 1082
1071 1078
1072 1073
1085 1092
1087 1089
1095 1098
1104 1107
1111 1113
1120 1172
1123 1149
1125 1140
1126 1127
1133 1135
1142 1143
1152 1161
1155 1157
1165 1168
1178 1230
1179 1202
1181 1191
1183 1189
1184 1186
1195 1197
1206 1227
1208 1224
1209 1212
1215 1221
1216 1218
1236 1403
1239 1397
1240 1282
1241 1249
1242 1245
1252 1254
1258 1280
1259 1266
1260 1263
1270 1278
1272 1274
1285 1349
1286 1327
1287 1290
1294 1314
1297 1310
1299 1301
1305 1306
1319 1321
1331 1345
1334 1342
1337 1340
1353 1387
1356 1370
1359 1366
1360 1362
1372 1375
1378 1380
1384 1385
1392 1393
1405 1573
1407 1524
1408 1427
1409 1411
1415 1416
1418 1425
1419 1421
1432 1434
1437 1465
1440 1458
1443 1445
1449 1451
1454 1455
1461 1462
1471 1485
1472 1473
1479 1481
1491 1500
1494 1496
1502 1521
1505 1508
1513 1515
1527 1530
1534 1556
1535 1538
1542 1545
1549 1552
1558 1568
1559 1562
1564 1565
1577 1749
1578 1747
1580 1583
1587 1743
1588 1735
1589 1731
1590 1599
1592 1595
1604 1728
1605 1606
1609 1622
1611 1619
1613 1616
1626 1724
1629 1718
1630 1639
1632 1635
1643 1712
1644 1659
1645 1648
1651 1654
1664 1707
1666 1668
1673 1702
1676 1700
1679 1680
1682 1684
1688 1689
1694 1696
1739 1740
5 7 10 18 24 26 34 39 48 52 57 61 62 67 75 78 81 83 86 89 91 93 95 97 98 100 106 107 111 115 119 126 127 129 131 141 144 146 147 151 152 158 159 160 164 166 169 176 179 181 182 196 197 199 201 203 205 208 209 211 214 219 223 224 225 239 249 250 257 258 263 264 271 273 275 277 292 293 298 299
