300 40
3 178
6 89
8 29
9 11
15 25
18 19
35 81
38 39
43 78
44 72
47 56
48 51
61 68
62 63
83 84
94 142
95 139
98 105
99 101
107 108
112 115
119 134
122 124
129 131
146 158
147 149
152 155
162 173
163 165
169 170
183 365
184 187
191 360
193 260
195 256
197 252
198 247
200 243
203 238
204 232
206 226
207 220
208 216
209 212
265 268
274 356
276 353
279 350
281 347
283 343
285 338
288 311
289 309
291 299
292 294
303 305
315 334
316 331
318 325
319 320
368 540
370 473
372 415
374 386
376 377
381 382
391 411
393 395
398 408
399 402
419 438
421 435
423 430
424 426
440 457
442 444
449 452
460 467
461 463
478 479
483 538
485 533
488 495
489 490
497 500
504 524
505 520
507 515
510 511
526 529
544 723
545 720
548 632
549 601
551 554
558 597
561 592
564 588
567 569
575 578
581 583
604 627
605 622
606 618
609 612
634 717
636 714
639 710
641 644
650 708
651 705
652 654
659 662
665 694
667 691
668 687
671 674
678 679
681 682
699 700
727 901
730 893
733 890
734 876
737 873
738 764
740 750
742 745
755 762
757 760
769 867
770 862
773 857
774 775
780 853
781 847
784 842
786 787
789 791
794 815
796 811
799 800
805 807
820 840
821 823
828 835
829 831
879 886
881 882
897 898
904 1101
907 955
909 911
916 952
917 948
920 921
926 944
929 930
934 941
935 937
960 1095
963 972
966 969
975 1090
976 1085
979 1080
982 1029
984 1026
987 1022
989 1002
991 992
995 998
1006 1017
1009 1012
1034 1075
1036 1038
1043 1072
1046 1049
1055 1066
1058 1061
1104 1285
1106 1272
1108 1116
1109 1111
1119 1170
1122 1132
1125 1126
1134 1144
1136 1138
1146 1154
1147 1150
1159 1160
1166 1167
1176 1259
1179 1246
1181 1184
1189 1210
1192 1206
1195 1202
1197 1198
1215 1243
1217 1229
1218 1220
1223 1225
1232 1235
1237 1239
1250 1253
1263 1266
1275 1280
1276 1277
1290 1458
1291 1293
1297 1312
1300 1309
1302 1305
1315 1454
1317 1451
1320 1448
1321 1442
1322 1323
1327 1328
1334 1440
1335 1375
1337 1370
1339 1364
1342 1360
1345 1357
1348 1355
1350 1351
1380 1413
1383 1411
1385 1406
1386 1403
1387 1399
1390 1392
1395 1397
1418 1438
1419 1434
1421 1431
1423 1426
1462 1651
1465 1641
1468 1638
1471 1634
1474 1477
1481 1621
1483 1617
1485 1613
1486 1533
1489 1499
1492 1494
1504 1505
1509 1531
1512 1527
1515 1522
1517 1518
1537 1607
1539 1602
1542 1597
1545 1576
1546 1548
1553 1556
1562 1572
1565 1566
1578 1593
1581 1588
1583 1585
1625 1632
1626 1628
1645 1647
1656 1831
1657 1659
1662 1827
1665 1674
1666 1668
1679 1825
1680 1820
1683 1818
1686 1689
1693 1702
1694 1700
1695 1697
1706 1814
1709 1712
1714 1731
1716 1729
1718 1725
1719 1722
1737 1809
1740 1806
1743 1802
1745 1785
1748 1750
1754 1783
1755 1764
1757 1760
1767 1779
1770 1773
1790 1800
1792 1795
4 5 6 9 10 12 15 21 22 43 50 54 59 64 73 76 82 89 91 101 110 135 137 141 143 144 159 167 200 232 243 245 255 263 276 277 279 280 293 296
