500
31
11
37
31
27
25
13
20
39
36
36
22
22
31
8
32
30
44
7
7
15
5
44
42
17
33
20
14
21
14
22
44
24
24
31
4
23
34
45
25
5
32
3
11
36
37
37
26
9
19
43
29
38
35
11
44
19
3
33
24
31
34
16
12
26
46
14
1
26
15
17
44
14
11
50
19
28
31
18
17
39
20
25
34
19
10
1
37
8
18
33
6
35
6
12
13
49
7
48
45
7
9
35
32
50
18
48
14
10
29
1
50
8
6
28
27
24
32
23
1
42
9
1
46
7
44
25
50
5
25
33
11
39
26
47
42
41
48
48
23
29
25
19
31
42
20
37
50
38
46
32
4
8
6
11
43
40
33
11
45
27
45
15
24
31
49
30
30
36
43
45
13
26
21
31
11
9
17
14
31
41
6
17
49
28
45
13
25
29
20
37
46
14
9
45
6
10
32
32
3
49
8
23
17
34
28
24
26
7
38
2
1
28
31
23
27
4
50
13
49
4
24
41
3
32
3
17
3
3
38
32
30
41
6
48
47
41
26
37
10
3
49
21
24
15
19
28
50
36
41
6
13
31
29
33
17
27
19
16
8
6
21
49
37
46
26
39
20
11
32
17
8
40
25
24
43
26
18
27
28
28
21
19
43
3
45
20
27
28
7
22
24
43
24
4
35
44
28
38
1
1
24
45
17
33
35
16
11
49
38
10
6
27
33
46
1
18
42
26
3
13
50
1
34
34
3
43
21
5
33
16
26
46
29
30
49
30
25
2
11
18
41
47
16
3
20
15
9
41
2
1
11
1
36
39
44
43
2
46
43
2
48
49
15
19
27
35
50
31
37
32
27
23
20
11
30
16
6
15
26
1
24
13
40
12
40
32
13
36
36
19
28
22
33
22
4
32
37
32
36
25
42
50
19
24
46
20
20
30
5
4
17
1
17
45
27
13
26
44
9
44
26
27
20
6
43
27
21
10
9
23
46
15
42
35
39
17
3
38
38
16
40
43
29
16
38
2
40
13
38
38
6
32
8
47
1
4
21
20
7
40
1
44
12
49
8
44
40
49
50
27
10
31
2
39
44
34
24
49
1
12
26
2
46
29
11
4
34
30
1
28
8
37
12
21
21
3
29
9
16
