1000
26
190
150
98
401
453
359
478
293
400
288
299
15
58
126
485
170
393
60
254
198
302
150
400
38
245
464
290
336
316
74
389
38
357
255
126
421
361
72
431
377
138
46
118
86
249
462
397
329
162
113
94
240
317
178
304
11
45
243
233
102
90
123
190
138
162
425
4
98
431
21
137
58
455
299
292
22
492
350
254
138
471
10
402
443
499
378
444
186
195
146
286
37
336
364
328
439
106
346
448
45
278
462
49
406
191
419
71
148
244
483
57
217
307
113
25
118
139
241
123
300
115
34
313
158
337
304
299
43
159
246
2
118
227
391
187
440
405
101
288
256
343
418
345
135
419
332
62
500
263
183
127
400
330
385
325
408
404
416
302
268
18
349
240
186
181
114
360
332
389
410
357
76
120
312
480
169
8
90
278
301
426
18
114
61
265
220
445
176
306
326
449
137
116
100
225
306
168
319
121
394
361
222
385
63
205
418
108
1
243
462
287
37
156
79
56
469
138
418
496
400
448
92
442
204
363
322
460
227
72
239
46
418
185
225
361
140
367
351
82
355
18
11
173
254
364
423
320
97
158
236
299
4
257
363
36
450
38
56
97
429
226
467
322
319
299
329
490
338
83
207
100
100
201
221
265
429
471
187
457
179
363
300
356
279
193
43
174
87
442
198
226
123
476
400
36
137
449
271
374
147
238
304
144
337
11
26
133
409
16
438
220
405
63
322
15
132
476
137
354
241
134
409
399
308
333
8
11
50
192
112
297
53
6
20
1
482
149
286
54
66
364
44
79
111
257
221
327
433
171
373
274
451
106
422
21
64
297
215
430
121
451
82
174
244
446
201
270
279
461
291
247
479
1
88
114
196
363
491
268
324
134
417
467
433
381
408
170
403
102
147
267
189
347
269
423
174
38
369
241
144
386
208
193
22
60
59
64
278
300
489
194
439
429
382
57
211
265
77
377
342
27
330
398
454
208
249
77
94
176
487
493
347
269
473
422
48
250
60
483
108
174
398
459
83
29
380
40
299
429
177
482
12
74
260
4
144
360
356
102
140
328
175
283
179
402
195
60
430
221
126
167
43
136
299
495
202
396
149
166
282
268
438
136
495
188
193
8
410
171
137
407
312
255
353
130
263
394
19
349
89
135
161
478
142
9
135
365
69
351
288
49
244
381
104
382
366
472
389
219
26
194
288
442
51
85
6
234
357
439
389
470
436
164
93
417
472
122
207
41
320
152
16
132
122
481
252
494
210
415
411
221
206
367
163
488
228
456
117
254
273
432
454
92
401
176
297
151
68
231
96
432
2
467
110
30
4
191
341
319
192
182
154
259
317
195
356
498
257
279
414
92
116
7
350
164
295
3
297
482
323
440
496
330
220
177
63
481
8
202
120
135
155
193
364
438
312
440
435
347
178
51
299
385
266
43
231
370
400
134
86
136
279
267
311
248
141
453
411
104
300
174
80
394
190
27
227
321
300
114
228
460
199
301
107
314
6
212
431
329
30
491
62
228
149
117
391
297
26
240
131
368
59
254
443
412
95
466
349
222
4
385
252
452
91
219
363
281
262
166
140
117
217
498
46
286
396
296
417
116
295
470
268
144
369
454
9
58
483
257
236
159
19
279
101
100
488
99
445
424
121
419
398
7
382
303
470
282
215
379
359
442
315
254
316
483
246
197
231
37
386
186
321
437
410
455
377
274
499
180
66
34
386
182
406
153
259
195
240
270
23
462
226
169
165
419
140
466
61
277
74
388
31
145
158
264
449
42
293
301
24
39
481
62
242
35
477
80
236
218
239
182
189
253
477
349
489
216
252
319
231
236
386
392
315
245
203
10
323
237
486
221
285
377
381
320
42
80
402
108
252
337
343
39
224
239
378
322
336
2
91
158
61
335
206
181
100
433
386
424
239
203
19
291
61
297
238
428
113
491
377
43
480
302
396
150
420
360
436
160
71
300
420
132
267
376
137
105
493
87
195
10
449
145
122
10
352
177
81
179
271
24
495
333
448
414
116
311
180
485
323
393
448
381
347
342
415
209
464
107
10
21
243
412
380
213
167
477
454
125
491
322
438
78
212
474
72
175
489
350
264
155
419
309
151
393
139
332
17
48
223
135
477
245
403
465
238
122
42
479
107
312
437
278
344
416
446
6
177
12
428
128
257
320
267
1
243
434
100
488
142
226
339
120
123
319
34
254
226
23
272
404
145
190
194
429
473
255
19
343
403
251
173
161
60
149
226
213
388
295
325
48
318
320
202
90
371
186
293
125
