300 200
67 113
174 243
125 256
63 67
136 190
105 152
122 141
54 57
28 193
21 173
52 142
53 220
164 284
214 250
154 239
148 215
78 186
14 178
135 167
61 127
14 253
169 228
64 175
123 236
43 189
91 252
34 49
124 144
91 163
9 127
69 264
77 182
100 101
105 206
21 146
76 270
147 264
22 47
6 137
146 154
13 181
71 201
100 108
79 111
59 66
225 283
54 163
131 141
205 240
176 298
167 288
262 293
86 289
36 188
5 174
133 252
104 171
242 258
163 215
169 298
125 219
30 75
78 144
9 265
111 274
21 238
112 275
61 73
189 264
89 237
289 291
56 180
220 256
39 96
78 262
45 76
97 106
191 234
59 97
278 298
205 231
149 220
93 152
216 257
143 289
6 204
53 67
85 254
6 166
112 160
92 173
47 281
53 164
153 167
44 50
216 266
37 48
181 192
25 72
78 212
49 124
176 250
194 213
159 237
148 222
22 51
165 235
169 291
67 166
76 298
83 188
27 227
63 88
37 260
32 257
188 291
71 255
22 232
16 51
96 148
26 297
3 140
212 260
166 176
173 220
42 113
60 149
88 163
48 148
117 263
28 187
25 205
37 235
118 299
12 141
25 150
166 198
75 156
46 121
160 201
77 82
35 182
199 210
70 198
21 180
233 238
98 129
119 223
199 246
169 189
261 275
216 235
149 287
95 289
216 287
126 283
193 226
54 266
276 283
238 288
188 256
154 218
8 177
106 250
16 174
130 194
95 277
11 227
38 235
230 294
49 193
140 185
47 131
219 232
15 225
81 101
20 60
101 151
67 134
15 295
20 200
139 285
19 206
25 177
101 147
45 273
181 219
2 172
167 247
68 113
156 276
13 216
194 239
154 274
56 232
161 193
70 94
114 275
80 132
42 244
