200 100
37 153
39 177
12 37
76 161
70 100
0 94
111 159
79 91
11 197
74 161
71 182
17 140
11 129
66 170
89 132
119 160
15 172
148 149
18 104
20 188
18 89
33 197
44 122
171 175
131 141
21 57
5 133
68 191
66 88
55 71
112 136
115 194
12 48
113 198
115 131
48 142
68 70
94 113
14 167
3 89
100 124
17 115
27 165
22 114
75 135
80 154
58 119
29 78
27 39
5 116
14 63
14 108
82 92
94 129
135 177
3 18
69 134
102 107
86 88
55 92
44 106
0 41
91 155
190 192
166 182
79 81
77 185
9 58
89 138
104 144
27 56
140 184
125 198
19 47
113 115
75 165
66 140
138 141
25 51
65 127
17 39
25 75
77 149
13 133
11 148
82 113
84 127
9 182
61 174
104 165
136 178
30 181
49 135
86 118
140 185
85 115
55 61
11 23
138 140
35 165
