300 100
30 230
11 107
45 200
126 293
109 270
56 220
121 288
23 261
94 244
49 194
188 212
193 207
32 248
42 120
236 239
63 168
256 294
167 223
150 153
37 205
122 153
239 288
88 154
26 83
31 37
176 247
209 286
115 278
194 218
34 171
195 282
7 193
63 272
63 81
49 268
71 81
58 60
178 203
104 169
10 118
87 130
199 281
123 300
118 151
258 297
7 169
47 140
66 230
57 178
1 82
157 207
99 275
58 277
106 286
2 15
89 161
244 280
0 276
45 119
20 158
6 115
112 136
54 195
134 225
259 268
79 189
120 147
172 226
69 194
32 260
107 231
198 233
51 267
236 244
9 51
69 131
152 170
109 186
128 214
152 276
6 251
169 274
6 204
137 246
37 287
112 234
104 213
156 238
157 209
14 187
254 268
53 161
82 133
48 194
82 111
104 183
29 145
60 199
19 299
145 268
