200 100
64 83
71 85
52 53
39 43
34 45
87 96
95 96
80 95
91 109
14 28
36 52
35 47
92 105
117 127
41 44
91 99
169 180
3 18
148 158
125 126
188 190
58 77
74 76
46 55
130 147
102 121
99 111
108 112
157 169
4 15
184 197
169 178
61 65
143 151
166 175
39 55
151 159
174 188
21 30
175 187
59 62
91 101
79 81
172 184
61 71
127 130
103 117
173 182
70 90
138 157
145 152
13 29
91 107
94 114
194 197
107 121
173 179
151 171
37 55
151 164
152 163
151 165
6 26
61 63
86 106
31 45
80 88
55 70
195 196
161 179
186 198
113 114
22 42
37 55
73 74
99 117
69 73
28 46
157 175
163 180
90 91
162 164
11 21
91 99
156 174
178 194
162 163
26 38
34 52
12 27
1 5
91 109
157 177
192 197
1 17
136 148
69 79
32 48
62 70
107 114
