300 100
86 266
171 175
110 117
57 198
275 279
165 292
96 262
155 244
55 121
57 265
33 262
110 180
260 267
146 233
28 62
147 149
178 184
22 281
91 280
4 65
146 266
270 278
111 198
199 235
4 272
11 20
110 138
71 277
81 105
193 241
138 142
139 293
110 208
115 258
75 163
135 262
33 244
56 221
137 256
8 96
48 55
183 296
205 250
39 220
139 195
5 93
129 293
17 86
137 140
29 173
15 45
196 256
68 137
149 258
111 136
123 140
216 235
205 292
24 26
144 164
72 176
188 298
90 211
126 127
192 244
93 289
42 97
7 226
107 176
55 169
200 281
41 229
122 214
150 151
51 213
218 235
34 284
259 278
231 248
153 159
156 240
204 274
81 183
46 196
83 229
171 242
6 77
218 233
132 237
122 198
80 187
134 169
66 297
268 288
231 251
193 198
235 275
95 105
50 206
111 125
