200 100
170 178
83 102
33 40
79 95
18 32
172 192
43 56
76 95
23 27
2 7
20 25
51 53
20 21
162 169
6 18
96 98
186 198
9 18
171 178
108 113
56 71
24 39
147 166
40 41
118 138
24 25
164 171
70 72
140 146
26 29
71 89
65 70
166 175
173 179
83 91
157 169
151 159
42 52
16 30
134 136
35 49
176 196
112 122
112 128
90 99
186 189
23 42
185 193
25 36
47 48
108 124
51 66
137 154
72 86
106 109
63 72
45 54
110 117
102 106
20 23
6 25
79 95
67 87
23 29
41 56
2 20
9 28
133 146
98 100
37 47
15 16
56 65
19 32
63 79
125 140
135 139
14 26
156 157
162 175
9 17
57 66
123 136
90 102
132 140
7 17
164 166
9 12
0 14
107 126
110 112
22 23
72 89
18 37
158 177
166 183
52 56
18 24
175 185
55 61
126 144
