300 150
195 200
147 220
43 185
227 247
20 93
64 187
48 172
95 102
231 272
93 280
158 194
138 166
7 241
203 250
186 254
52 65
6 95
54 185
108 292
109 231
146 199
150 198
139 277
3 87
30 158
242 264
116 232
75 137
1 207
130 172
110 227
103 272
52 82
17 147
137 146
120 224
53 106
78 136
16 207
96 254
188 250
94 221
55 84
216 243
53 84
38 297
23 109
75 199
35 223
70 209
129 270
103 149
22 192
137 254
189 197
3 10
297 300
19 96
201 281
182 228
157 237
47 299
152 170
183 271
162 207
56 109
204 224
56 207
23 217
36 89
36 242
159 174
121 198
162 281
86 129
37 178
119 136
47 265
13 167
60 112
237 294
275 281
161 227
51 60
97 181
99 252
31 61
195 242
148 253
189 288
102 150
129 262
129 154
161 201
54 197
201 239
57 215
120 280
54 285
27 101
153 227
105 134
233 261
188 296
215 275
72 288
2 98
33 49
17 175
167 168
144 226
106 196
48 181
93 264
23 155
27 259
113 255
210 211
195 215
5 42
292 297
149 290
16 32
31 120
54 96
85 296
51 162
69 161
102 103
15 99
77 224
58 140
44 218
36 145
117 242
3 118
2 85
26 47
46 192
196 244
76 147
91 105
203 261
230 235
38 39
82 142
9 242
186 297
69 244
122 274
