300 100
187 206
16 22
34 44
274 278
269 287
217 219
35 47
176 185
11 31
292 297
70 78
13 26
10 24
174 177
148 153
194 203
130 150
74 77
206 209
186 205
272 289
208 219
187 188
211 219
2 13
91 94
149 164
235 237
5 14
183 195
257 267
235 242
220 234
177 180
135 137
252 260
238 250
270 289
88 104
202 209
57 60
116 133
196 210
119 129
231 246
85 104
188 197
83 94
293 294
268 283
100 119
18 29
223 236
105 108
209 210
1 15
220 236
89 104
224 231
257 264
122 142
218 237
212 228
136 138
254 263
279 295
68 73
107 112
222 235
223 236
226 241
114 134
144 164
106 110
177 178
77 82
199 208
28 38
256 269
146 153
213 223
128 143
98 117
144 158
282 295
181 196
73 87
137 154
96 102
2 22
172 176
135 142
271 283
72 74
208 218
235 251
258 270
58 77
36 46
52 66
