300 150
2 205
129 224
18 81
69 293
127 174
42 134
50 218
9 124
83 238
121 219
241 252
172 274
79 297
191 195
132 232
59 136
25 116
27 46
236 294
50 243
130 215
48 146
7 169
189 272
51 280
237 243
152 256
4 219
199 222
116 201
51 218
45 172
61 201
47 109
91 136
153 243
60 65
101 197
24 245
206 270
171 191
124 242
172 294
79 163
69 299
93 292
206 290
20 112
139 224
142 179
10 38
225 284
134 173
93 293
7 201
88 120
18 129
101 139
200 219
206 260
218 289
21 253
11 135
33 273
31 140
165 244
101 226
74 165
133 219
129 202
116 118
218 245
4 11
226 286
105 253
2 267
0 224
4 106
129 217
21 77
95 202
219 277
260 293
286 299
41 262
153 172
16 105
20 72
169 187
156 168
149 272
97 201
58 72
54 123
94 297
233 250
10 34
152 167
85 265
78 122
81 112
249 279
200 208
178 280
224 234
45 62
216 236
256 288
187 245
212 230
32 41
20 128
111 165
60 179
7 39
106 148
121 271
14 185
52 210
44 217
87 120
55 207
0 129
225 286
190 220
138 179
106 182
122 255
67 297
34 114
83 108
136 164
55 149
108 159
3 285
148 244
103 118
142 249
75 146
87 156
259 280
244 272
186 271
54 118
21 192
27 239
63 232
8 37
237 292
15 261
