300 200
234 238
145 147
153 156
135 136
290 295
233 234
106 110
172 175
172 175
93 98
231 233
245 250
34 37
100 104
190 194
144 148
89 92
220 223
158 162
73 77
183 186
276 278
128 133
285 287
279 282
180 182
269 270
90 92
225 229
16 20
202 205
113 118
164 168
143 148
121 126
141 145
27 30
181 186
206 210
2 3
240 241
250 252
159 160
280 284
295 296
29 31
70 73
280 281
89 90
245 247
186 189
61 64
191 194
83 86
270 271
88 91
87 90
159 162
168 169
213 214
227 231
88 93
296 298
70 73
105 109
74 77
63 66
228 231
181 182
271 274
269 274
163 166
93 96
34 38
150 154
147 151
218 221
99 101
87 91
266 271
37 38
41 46
152 156
74 78
277 281
115 119
214 216
283 285
99 101
63 64
150 153
204 205
298 300
213 215
185 188
88 91
174 175
166 169
286 289
90 93
148 151
167 170
222 225
137 141
92 96
83 84
246 249
138 142
75 78
266 267
154 157
271 272
239 240
255 258
142 143
219 221
87 90
26 31
297 299
31 35
248 252
26 28
146 151
19 24
107 110
191 193
34 35
206 209
33 35
59 61
193 194
203 207
181 182
161 164
246 249
5 6
74 78
263 268
266 269
135 139
167 168
42 45
65 68
147 152
159 161
113 118
249 252
224 225
37 38
101 104
222 226
262 265
74 78
73 75
45 49
113 114
72 76
92 93
244 246
241 245
256 260
291 295
59 62
198 203
136 137
47 50
13 16
38 41
86 88
119 124
188 193
132 137
274 277
218 221
84 89
110 114
162 166
124 125
108 110
166 169
29 34
226 230
124 126
131 135
95 97
110 113
257 260
209 214
94 99
43 47
35 36
250 254
78 83
267 272
179 184
214 215
286 291
38 43
236 240
260 261
