300 180
25 197
139 221
90 106
43 82
91 128
207 296
24 73
103 181
132 201
106 164
29 117
101 161
237 282
188 215
84 248
41 200
34 69
9 175
28 63
10 40
33 155
133 259
260 280
5 170
39 195
28 69
9 222
210 264
54 176
131 254
94 115
125 204
36 214
82 250
73 183
179 255
14 270
125 225
25 160
71 156
137 216
64 253
7 71
121 242
148 156
197 269
79 130
220 286
245 282
193 248
134 180
104 180
27 130
150 270
132 169
109 184
57 112
19 102
198 269
188 256
242 271
122 172
41 79
22 82
215 250
77 91
30 245
152 171
192 254
170 225
4 13
141 142
7 187
95 250
145 181
94 127
46 128
191 225
41 128
45 197
82 149
182 199
97 195
146 286
143 246
191 229
24 278
120 237
172 180
138 213
63 272
28 195
32 248
49 294
47 156
140 192
0 288
214 271
48 98
130 232
44 227
34 155
15 114
79 119
93 191
25 127
41 182
140 215
56 129
75 296
112 136
83 191
140 296
153 256
82 238
86 153
55 131
76 252
253 287
160 222
15 73
32 166
77 208
216 296
123 125
170 299
156 218
36 259
79 267
44 78
88 104
77 154
208 275
173 264
45 285
209 289
42 165
65 296
117 286
143 226
105 182
90 211
121 188
212 247
108 257
58 109
151 273
146 147
43 184
3 299
280 282
50 251
217 269
21 130
280 284
111 260
16 104
76 173
142 228
169 203
1 238
83 99
7 188
114 195
123 156
120 259
185 187
196 252
77 271
24 45
59 122
28 93
37 41
69 271
40 262
50 106
111 191
69 117
222 286
98 226
